id,target
test_id0,13.77618909494425
test_id1,14.573106920616567
test_id2,11.566321447038952
test_id3,10.593204850070158
test_id4,12.743787937818972
test_id5,12.389641925261806
test_id6,10.338593499787223
test_id7,11.187895035743118
test_id8,13.68249852971794
test_id9,11.199589950436113
test_id10,13.001677281671398
test_id11,9.645602587983014
test_id12,14.5983396243168
test_id13,13.192304692878793
test_id14,12.180400467858668
test_id15,11.782302246784447
test_id16,10.385208672461978
test_id17,13.038793352929694
test_id18,12.071433493823385
test_id19,9.029889461611802
test_id20,11.481226912105207
test_id21,12.152399644842767
test_id22,11.31109958627954
test_id23,11.2578613867991
test_id24,9.293411365077333
test_id25,10.709606838875082
test_id26,11.45310552412802
test_id27,12.562431939645826
test_id28,12.790524828859716
test_id29,12.570225537997281
test_id30,10.68909994366799
test_id31,12.615823784874259
test_id32,11.153915064055802
test_id33,12.676608782041335
test_id34,13.250979179897485
test_id35,12.824792514525157
test_id36,12.635852811972747
test_id37,12.645678833445466
test_id38,12.76049576981827
test_id39,10.158608151385081
test_id40,11.74861038097091
test_id41,11.312963804923108
test_id42,10.629151989523073
test_id43,12.026600982794825
test_id44,11.658306264209116
test_id45,11.284897351666991
test_id46,10.877585615940752
test_id47,11.546842768384657
test_id48,12.51431719357354
test_id49,13.541563441623204
test_id50,13.258153948862379
test_id51,15.599884146262731
test_id52,11.339380002434815
test_id53,11.66216445199867
test_id54,13.383927293076724
test_id55,11.753315040911161
test_id56,10.93265793309272
test_id57,11.149439380544699
test_id58,12.375721076335097
test_id59,12.599510101487546
test_id60,11.752068514308341
test_id61,12.56648755837574
test_id62,8.339949823086805
test_id63,12.289158195718223
test_id64,11.991931221844162
test_id65,8.637959839834188
test_id66,12.758725043755526
test_id67,11.594075552230443
test_id68,10.96209110254501
test_id69,11.443853559095466
test_id70,12.822059803551433
test_id71,13.468810033789516
test_id72,10.599012911713736
test_id73,10.098262012692288
test_id74,11.39434651469277
test_id75,12.616813301571973
test_id76,15.042217297829986
test_id77,11.172942884402694
test_id78,12.799217934018948
test_id79,11.19592510499664
test_id80,11.392271117363258
test_id81,13.255126238960067
test_id82,11.36109719082868
test_id83,11.120840705292075
test_id84,10.04944517482901
test_id85,10.42580007411928
test_id86,12.173306024013364
test_id87,12.940536081462021
test_id88,12.64078507114526
test_id89,11.878220112667385
test_id90,17.783923971825338
test_id91,12.584424988309088
test_id92,13.014259775091503
test_id93,9.295902324194266
test_id94,11.64861417800038
test_id95,15.194530944192984
test_id96,10.100159676482555
test_id97,12.79962091294989
test_id98,13.66861597646588
test_id99,12.365372045809046
test_id100,12.803547468701986
test_id101,7.66415668368505
test_id102,11.779478361378928
test_id103,13.429693379424819
test_id104,11.042062332681333
test_id105,11.649930934890484
test_id106,13.763776658102493
test_id107,10.52389077522485
test_id108,11.280649198388083
test_id109,12.929666622870293
test_id110,15.1062581071551
test_id111,12.866776247574514
test_id112,13.368716396341846
test_id113,9.443826378982223
test_id114,12.836404031890233
test_id115,4.828007051741899
test_id116,11.449185665376483
test_id117,13.015919370716837
test_id118,12.610934472237155
test_id119,11.414987033186684
test_id120,10.576407013482175
test_id121,12.312567748046028
test_id122,12.43498637378719
test_id123,12.696822451373627
test_id124,13.915578693480626
test_id125,11.79278066603694
test_id126,12.666278285576162
test_id127,12.724275692343447
test_id128,12.657884685098601
test_id129,11.168174394557205
test_id130,12.494613624209727
test_id131,5.577511457448004
test_id132,11.147856327403296
test_id133,12.639765272894046
test_id134,11.90511038302511
test_id135,10.69972053304756
test_id136,12.519577875387164
test_id137,13.256424409852038
test_id138,9.194583967783615
test_id139,12.658994350660464
test_id140,11.98090221042991
test_id141,7.826613744950954
test_id142,9.724097322534753
test_id143,12.549144390220619
test_id144,12.212013901217261
test_id145,12.898151437091265
test_id146,12.118563995546545
test_id147,11.55638700340429
test_id148,11.375927284066826
test_id149,15.191104323607185
test_id150,11.142695974198794
test_id151,11.709613315237547
test_id152,9.124134933462408
test_id153,10.670009500961136
test_id154,10.262732193305048
test_id155,11.612399326538124
test_id156,12.686088991228871
test_id157,7.262701941519431
test_id158,12.778731904456237
test_id159,12.725612915610718
test_id160,9.398249033639829
test_id161,10.362070669948082
test_id162,11.269317919076478
test_id163,11.230521974543883
test_id164,10.98432298541045
test_id165,11.811702331088561
test_id166,12.864315146103188
test_id167,12.26497484770023
test_id168,13.368369502931401
test_id169,11.15847395106568
test_id170,12.322052826821931
test_id171,9.151325888638667
test_id172,13.456906212787011
test_id173,11.758898951709007
test_id174,13.211259786481534
test_id175,12.706776807213132
test_id176,12.832284319897973
test_id177,11.15207459094647
test_id178,13.009402589166946
test_id179,13.559745044987004
test_id180,13.440221430456482
test_id181,11.771728575249796
test_id182,9.62341736910799
test_id183,11.582078269878089
test_id184,13.282343803783597
test_id185,13.033938617897128
test_id186,11.24340687468655
test_id187,10.266572747727572
test_id188,12.969478252511259
test_id189,10.867646556732957
test_id190,11.044709427551588
test_id191,12.618164316845899
test_id192,11.01296171922808
test_id193,11.236349382080668
test_id194,13.504713730944395
test_id195,14.372145736067374
test_id196,11.767242417816902
test_id197,10.916556581805715
test_id198,10.903902600232946
test_id199,11.127125556237694
test_id200,10.960774637299814
test_id201,12.521604710448223
test_id202,11.323336201564182
test_id203,17.548725804003816
test_id204,11.091119665648684
test_id205,12.15939803937487
test_id206,9.955653847884186
test_id207,12.764319596301767
test_id208,9.41174742569499
test_id209,11.496998085398268
test_id210,11.125015663808334
test_id211,11.77894683219354
test_id212,12.421865059113095
test_id213,12.870653320158915
test_id214,11.992775084247008
test_id215,12.82149427400794
test_id216,11.022903283043824
test_id217,11.21697495805433
test_id218,13.070094054633564
test_id219,10.97469085002323
test_id220,11.297213386123069
test_id221,11.821586425913104
test_id222,12.897929367414243
test_id223,10.692044643268211
test_id224,10.520741779147322
test_id225,10.900798542581242
test_id226,14.95113325469881
test_id227,11.368568401899275
test_id228,12.446490817963841
test_id229,12.387671980612232
test_id230,13.329456987467772
test_id231,13.626833618232375
test_id232,12.74553619392514
test_id233,12.504735874045785
test_id234,12.282543270619747
test_id235,10.973143377704922
test_id236,11.467202687303178
test_id237,11.750495107072574
test_id238,12.913427232292214
test_id239,12.988741173043671
test_id240,13.279233988537648
test_id241,12.260038642747254
test_id242,10.967953434557522
test_id243,10.071752212139913
test_id244,12.134454241571746
test_id245,11.201405730408801
test_id246,13.456585445551418
test_id247,11.064745677013143
test_id248,13.10204302900619
test_id249,11.316136528943822
test_id250,11.241422234876758
test_id251,10.829701929414746
test_id252,10.33549299669533
test_id253,14.012088712896862
test_id254,12.950533529430537
test_id255,11.744329396035042
test_id256,11.026418425359132
test_id257,12.848172350206028
test_id258,12.73534415262312
test_id259,11.206564058425407
test_id260,13.261456540175622
test_id261,5.9767850699672
test_id262,10.991971461673977
test_id263,12.219278297503791
test_id264,11.048062541925042
test_id265,13.021655378853062
test_id266,11.237115941427568
test_id267,11.706502940809152
test_id268,10.820879427620177
test_id269,12.579848666314462
test_id270,13.190478256110104
test_id271,11.307820254898864
test_id272,11.051777694590903
test_id273,9.857382875620367
test_id274,12.941169956831232
test_id275,12.137680198579822
test_id276,10.9897884731867
test_id277,11.145038483394586
test_id278,10.957251427428154
test_id279,11.038319957398016
test_id280,11.024247948895102
test_id281,10.989834032556054
test_id282,12.573695647841781
test_id283,11.027788192865373
test_id284,10.216634252692067
test_id285,13.656452372325255
test_id286,12.600976067696529
test_id287,11.64762085689977
test_id288,11.159374396835354
test_id289,9.98821947427166
test_id290,13.010038995387212
test_id291,9.989985847249812
test_id292,13.556403576109737
test_id293,9.505065230044345
test_id294,10.207702961733027
test_id295,10.772827970128077
test_id296,12.805344129362432
test_id297,12.459670081896796
test_id298,12.809281832791534
test_id299,11.363685565581171
test_id300,11.235525945318336
test_id301,12.363100948642419
test_id302,10.958511875824875
test_id303,12.72951686250142
test_id304,5.070055684963471
test_id305,11.084170660393916
test_id306,13.629497237791725
test_id307,11.530757947264838
test_id308,12.724076454793298
test_id309,11.1517133659733
test_id310,13.721577328511707
test_id311,13.475683596434862
test_id312,12.315176051038556
test_id313,12.447379744653297
test_id314,12.529226696106868
test_id315,12.389108865175821
test_id316,9.856291535704827
test_id317,12.207295358854019
test_id318,13.736120013889924
test_id319,10.73770234351722
test_id320,11.560004838938788
test_id321,7.422235551611877
test_id322,11.884984920107634
test_id323,12.195499043445288
test_id324,10.401263931521676
test_id325,11.769555896611969
test_id326,15.778111127601058
test_id327,11.199904474759265
test_id328,9.487672410861968
test_id329,13.95788289375875
test_id330,10.499142731818331
test_id331,12.32422748778658
test_id332,12.690008266733464
test_id333,14.78358181681466
test_id334,11.337461070126047
test_id335,13.052197178568875
test_id336,11.959007477214769
test_id337,12.414074376632016
test_id338,10.945299054517953
test_id339,14.162314110568893
test_id340,1.6434312831718145
test_id341,14.621660359232088
test_id342,13.242232068613184
test_id343,11.417333823190432
test_id344,13.060628139619432
test_id345,-1.755347324716432
test_id346,11.207202245921273
test_id347,11.67096450893633
test_id348,10.708140163898122
test_id349,12.408310012020728
test_id350,13.286510323207189
test_id351,12.79096533400493
test_id352,11.576190666026129
test_id353,10.85867904640589
test_id354,12.016387944215246
test_id355,13.46294885676415
test_id356,11.348583252176205
test_id357,11.073804172324905
test_id358,10.697754147294809
test_id359,11.420846307786299
test_id360,13.57035039085023
test_id361,10.523824181981666
test_id362,7.1600357949108115
test_id363,12.753468251644684
test_id364,9.32478983672329
test_id365,11.470549264921566
test_id366,11.407791284585294
test_id367,5.523641344749073
test_id368,6.823270367765048
test_id369,12.44890274967284
test_id370,7.614388529553246
test_id371,12.491357751421894
test_id372,12.456042513872326
test_id373,11.148873890676747
test_id374,13.260145578252988
test_id375,12.734844390146442
test_id376,11.125969796090551
test_id377,11.42387068472111
test_id378,11.758829608805932
test_id379,9.643434868115513
test_id380,15.133344391468633
test_id381,12.941746322849433
test_id382,14.480038494978707
test_id383,10.286738671692703
test_id384,12.787087821036927
test_id385,11.341739143144174
test_id386,11.990485499746086
test_id387,11.45542158691395
test_id388,10.85265138171227
test_id389,11.624167369423944
test_id390,12.728934469998016
test_id391,11.569745799527063
test_id392,12.678112288499982
test_id393,12.432803152444997
test_id394,12.45817368135095
test_id395,13.4280123942032
test_id396,11.687452941765798
test_id397,12.257912617960862
test_id398,11.408875582627154
test_id399,14.73969854180303
test_id400,13.833838692675648
test_id401,12.502969508772942
test_id402,11.83098103344549
test_id403,10.534499343380652
test_id404,11.221799752846046
test_id405,10.096148665278925
test_id406,13.697927832479287
test_id407,13.614378889233642
test_id408,9.762431719249946
test_id409,12.338922879049086
test_id410,12.065848635576039
test_id411,11.764320441166845
test_id412,11.703785408049463
test_id413,12.401139140451114
test_id414,11.006732459023944
test_id415,11.302714285529852
test_id416,13.31878294115544
test_id417,13.248158642541647
test_id418,12.683738972282875
test_id419,12.670398329515358
test_id420,11.666892348592107
test_id421,10.452867039695086
test_id422,12.698665211664583
test_id423,12.589071556432422
test_id424,13.97606675775247
test_id425,10.778631451269256
test_id426,9.38493700435069
test_id427,10.1413635926721
test_id428,11.562419565617624
test_id429,11.500492292537494
test_id430,10.650306422982872
test_id431,13.985361501429601
test_id432,11.529580981263656
test_id433,11.42353056695783
test_id434,13.506429800608025
test_id435,11.033133941891286
test_id436,11.053119875367777
test_id437,10.177755444103596
test_id438,12.004103099991163
test_id439,12.679972381557015
test_id440,12.977114249577113
test_id441,11.654235941440398
test_id442,12.521500208987469
test_id443,12.588441571726513
test_id444,11.433893605949564
test_id445,10.732066223121173
test_id446,12.023423694351116
test_id447,12.81378138658669
test_id448,11.295755040071569
test_id449,13.486606935906714
test_id450,12.486383307681628
test_id451,11.543620266516136
test_id452,12.633766225742129
test_id453,11.049371149277597
test_id454,11.377496619259908
test_id455,12.658295768565075
test_id456,11.195786653228751
test_id457,13.243097051436116
test_id458,12.863784140801648
test_id459,11.530258953185786
test_id460,12.671500320087112
test_id461,11.720169343019784
test_id462,11.226747416664018
test_id463,10.97365063698495
test_id464,11.224262046096023
test_id465,14.035516997246553
test_id466,11.014584812915096
test_id467,10.70967158979245
test_id468,12.168569587019164
test_id469,11.334965661345528
test_id470,12.366589286118078
test_id471,12.700260098486787
test_id472,10.738659359285755
test_id473,12.531361479246051
test_id474,12.564971860347647
test_id475,12.699406589022438
test_id476,12.625531836667854
test_id477,12.509445276947183
test_id478,14.748307586048185
test_id479,10.456009291270341
test_id480,12.606089158098584
test_id481,14.93516131350939
test_id482,11.404499866155042
test_id483,12.551090360141579
test_id484,9.625475781005612
test_id485,10.61123026456709
test_id486,12.805522695220823
test_id487,12.688655341489799
test_id488,12.542156081020913
test_id489,12.83188186876783
test_id490,12.822553069117028
test_id491,13.002784694262559
test_id492,10.604525580719361
test_id493,12.435525639773225
test_id494,11.741143793766831
test_id495,12.704349356043387
test_id496,11.824479538938029
test_id497,10.300588825857055
test_id498,12.996211807804116
test_id499,10.644169789080259
test_id500,11.284947555765683
test_id501,8.659562686411398
test_id502,10.831494202992438
test_id503,11.511324320515605
test_id504,11.568953593543732
test_id505,14.573392511487945
test_id506,11.54474546366729
test_id507,4.084891925272608
test_id508,12.133441949117362
test_id509,12.140697226737196
test_id510,12.558641079364527
test_id511,12.703860014079488
test_id512,12.555935717841486
test_id513,11.797987551485129
test_id514,11.775695440892498
test_id515,11.187657555477095
test_id516,12.20163556013177
test_id517,11.065886152977306
test_id518,13.07336380102334
test_id519,12.74070877966296
test_id520,12.418941133830693
test_id521,12.295116318192704
test_id522,11.521405313781152
test_id523,10.575797388222455
test_id524,11.57238845279273
test_id525,12.835557627200252
test_id526,12.672785489930924
test_id527,10.947193260283491
test_id528,11.65812735425824
test_id529,12.803923123622333
test_id530,13.411488478207808
test_id531,12.63755241971787
test_id532,11.780539037426685
test_id533,10.56070092955192
test_id534,14.67547232836771
test_id535,14.243764121109187
test_id536,11.142650363646844
test_id537,13.561684110303922
test_id538,13.3787247178688
test_id539,12.699499437823832
test_id540,11.333738552434333
test_id541,12.803094617328163
test_id542,12.581957196550853
test_id543,12.622794851787503
test_id544,12.505142088056658
test_id545,13.505387152906117
test_id546,14.24313549522794
test_id547,11.722563883850093
test_id548,12.73141983039266
test_id549,13.317876837061554
test_id550,12.205341929138378
test_id551,12.730446913769036
test_id552,9.786834741078515
test_id553,11.283221230839118
test_id554,10.650151974618623
test_id555,10.837369298151458
test_id556,10.459867915210424
test_id557,13.906860670923372
test_id558,10.977045065443171
test_id559,11.771038219078854
test_id560,11.116948646067122
test_id561,11.709795190421211
test_id562,11.28592238453016
test_id563,12.711708399126003
test_id564,12.705209387080494
test_id565,12.44037559632907
test_id566,12.897637003070948
test_id567,16.61947317437619
test_id568,8.817621791190085
test_id569,12.664749545278653
test_id570,7.833348140310456
test_id571,11.59965381737571
test_id572,10.972435154726448
test_id573,10.45973788385421
test_id574,12.895539466043054
test_id575,12.54827249241658
test_id576,13.35355024107512
test_id577,11.819831655622558
test_id578,11.507344562994284
test_id579,14.613545605470826
test_id580,11.4610585387883
test_id581,10.451604539088144
test_id582,11.610108535607885
test_id583,10.830105292604422
test_id584,12.790444960690571
test_id585,10.621659225009175
test_id586,12.707780687302112
test_id587,12.890945206534
test_id588,12.145449643307991
test_id589,10.811220132860207
test_id590,10.515829501258217
test_id591,12.697334177660672
test_id592,12.553960076974256
test_id593,11.886337439524091
test_id594,12.768333314978186
test_id595,13.047335518384081
test_id596,11.225593626390143
test_id597,10.237073486591918
test_id598,12.939863895671202
test_id599,12.41641887426325
test_id600,11.398530150472276
test_id601,11.24481939145089
test_id602,12.434099252142822
test_id603,10.356864776219844
test_id604,12.506157675975082
test_id605,11.191950562922507
test_id606,11.487481155753976
test_id607,13.264417419395663
test_id608,12.248075197656696
test_id609,11.630499171888154
test_id610,12.25395681439759
test_id611,12.901948231767939
test_id612,11.356233489643785
test_id613,12.842392107290976
test_id614,11.971585322455375
test_id615,11.932737415182196
test_id616,12.10747884491203
test_id617,11.60434120145755
test_id618,10.355305144543706
test_id619,7.803377882876077
test_id620,12.632923216419648
test_id621,12.488323613033707
test_id622,10.667518233817752
test_id623,10.961356148209397
test_id624,12.611838262317889
test_id625,6.566172118601337
test_id626,12.063077815332825
test_id627,11.49757968791102
test_id628,9.234413731720608
test_id629,8.32571675709179
test_id630,11.087778429265015
test_id631,9.552000547029444
test_id632,12.418634266528535
test_id633,12.643722874396865
test_id634,9.401304141680647
test_id635,12.31176356165652
test_id636,12.55683838322124
test_id637,12.792764463139399
test_id638,11.23725363150411
test_id639,12.230491248596373
test_id640,10.780317057067585
test_id641,12.413166867608396
test_id642,12.958157800008102
test_id643,12.62321838393678
test_id644,12.682439826592223
test_id645,14.53189045277788
test_id646,7.776297242503752
test_id647,9.972179258229751
test_id648,8.252067095884598
test_id649,11.667670348364389
test_id650,10.91708336916367
test_id651,12.637779373335846
test_id652,11.038454170342177
test_id653,12.558586995519441
test_id654,12.09154597153313
test_id655,13.044362432913765
test_id656,13.259710859362151
test_id657,13.403208529002704
test_id658,12.786726413743004
test_id659,13.372357538126074
test_id660,12.792860660049833
test_id661,17.89235584618283
test_id662,12.916405217770539
test_id663,12.316368587894338
test_id664,11.628810707845453
test_id665,9.774044221685855
test_id666,13.085770828070217
test_id667,11.573109836934336
test_id668,11.264177784466177
test_id669,13.295778211151529
test_id670,13.589198446156445
test_id671,12.278671525516707
test_id672,11.14965039595355
test_id673,12.311268989870761
test_id674,9.876019335251137
test_id675,12.518258658772432
test_id676,11.328679606667755
test_id677,14.543307197257782
test_id678,12.885863228167516
test_id679,12.556349992592963
test_id680,10.925657534443552
test_id681,12.841973389310496
test_id682,10.681663297860318
test_id683,13.388935896414871
test_id684,11.17118933168286
test_id685,11.31998690897067
test_id686,12.516256489281808
test_id687,12.760299351855785
test_id688,13.682379385465602
test_id689,10.966819008895918
test_id690,9.916354954540864
test_id691,10.305683427613388
test_id692,11.519659316790396
test_id693,12.738290529298105
test_id694,11.374377802153866
test_id695,13.61159382142727
test_id696,12.90546408830501
test_id697,8.92430473963121
test_id698,12.673450683933702
test_id699,13.90071319385197
test_id700,12.038223868410888
test_id701,12.622445631893264
test_id702,12.634004735624423
test_id703,12.890263393197579
test_id704,9.53389547022256
test_id705,10.055155822961616
test_id706,13.059263545120196
test_id707,12.92119330934569
test_id708,10.30872502144392
test_id709,12.407553867119148
test_id710,10.872470032028225
test_id711,10.460852106592434
test_id712,10.582816456184482
test_id713,12.548747281278615
test_id714,11.365344061168962
test_id715,13.138141352006308
test_id716,13.537750435828563
test_id717,9.76060050333539
test_id718,11.560966773535263
test_id719,11.161714255112813
test_id720,12.465327076060241
test_id721,13.244723320793973
test_id722,11.120160013859703
test_id723,10.614409623641535
test_id724,11.499219696905904
test_id725,12.814612394435407
test_id726,9.15483216487494
test_id727,12.495140326621119
test_id728,12.144733492879048
test_id729,13.101160827774173
test_id730,13.075528880528047
test_id731,13.63891804544361
test_id732,11.307043846215862
test_id733,10.892099165563891
test_id734,12.854434523645388
test_id735,12.817395381438452
test_id736,10.259951788135353
test_id737,8.307552153347608
test_id738,10.82435818765449
test_id739,12.138733566586318
test_id740,12.395553099852826
test_id741,12.229602897867778
test_id742,12.765783074906828
test_id743,12.286949781255835
test_id744,7.122035041982542
test_id745,12.838903152122406
test_id746,12.72911769410603
test_id747,11.184112244837216
test_id748,11.017977362084842
test_id749,11.583345689424227
test_id750,11.658914832093863
test_id751,13.074121846700102
test_id752,12.387290331153004
test_id753,10.976873651873476
test_id754,11.133932504386202
test_id755,11.382141141940167
test_id756,10.418901420801234
test_id757,11.554954788870873
test_id758,12.85263272387612
test_id759,12.545253149470604
test_id760,13.81949089643205
test_id761,11.296850617175132
test_id762,11.851678150798769
test_id763,12.295587171708043
test_id764,10.570857709791703
test_id765,10.160382967003628
test_id766,11.24797095988442
test_id767,10.417635350951265
test_id768,12.809810713148956
test_id769,10.14221694117473
test_id770,12.737587563205416
test_id771,13.230648926706671
test_id772,10.884707499760545
test_id773,11.442218708129602
test_id774,10.749528604437948
test_id775,12.652332986469709
test_id776,12.040206345488684
test_id777,12.70401536365781
test_id778,-4.825946289901637
test_id779,13.43310558055483
test_id780,5.673031688993596
test_id781,12.472601564859325
test_id782,11.571753267861205
test_id783,11.966924883465559
test_id784,11.428314949425321
test_id785,11.466224446266473
test_id786,10.59058193742505
test_id787,9.773019643959096
test_id788,11.134228729523961
test_id789,11.771310770422325
test_id790,12.521505346760812
test_id791,11.214800738684254
test_id792,10.677591851190371
test_id793,11.541609211689
test_id794,11.406853918426258
test_id795,11.768660360041366
test_id796,12.89923047672064
test_id797,11.660557098616835
test_id798,13.491486333513869
test_id799,13.273224470813098
test_id800,12.91959296378635
test_id801,14.42104451523442
test_id802,11.948226836608434
test_id803,9.455336853546434
test_id804,11.676366304182721
test_id805,11.154395795808348
test_id806,11.426761412433542
test_id807,11.51372578002038
test_id808,10.160123570824808
test_id809,10.689969816823812
test_id810,11.619018025210728
test_id811,12.033578823288998
test_id812,13.391429452724616
test_id813,13.614995852181856
test_id814,12.503900907270214
test_id815,12.968077765056584
test_id816,11.188694232824396
test_id817,13.425011354164972
test_id818,11.320611040741433
test_id819,12.565153069949709
test_id820,12.774539605636875
test_id821,13.6875556493195
test_id822,12.832567461073289
test_id823,9.337056267580657
test_id824,11.14969622145987
test_id825,10.607361407597416
test_id826,12.993524416072042
test_id827,11.735453119290803
test_id828,13.269688570237797
test_id829,12.319979821584433
test_id830,13.67021185827425
test_id831,12.485061513669372
test_id832,12.87036395171139
test_id833,9.891591004036727
test_id834,13.420688305511327
test_id835,13.720225687061479
test_id836,13.25462031519536
test_id837,12.5379305625029
test_id838,13.445683342875704
test_id839,10.158936397111908
test_id840,12.799578963352992
test_id841,10.259490311634515
test_id842,11.377042399997016
test_id843,13.257158530873546
test_id844,12.112593292875808
test_id845,9.571312579890169
test_id846,11.702409838218152
test_id847,11.151654907489977
test_id848,12.843630506856577
test_id849,11.785273449055012
test_id850,11.753162222775238
test_id851,11.273637033731795
test_id852,9.880397382204201
test_id853,11.150057688325042
test_id854,12.907127561696207
test_id855,11.637736235354211
test_id856,14.180429147782966
test_id857,12.679222315543434
test_id858,10.5199727534089
test_id859,12.899826285141444
test_id860,5.912802186526797
test_id861,11.358219066037314
test_id862,10.630042272965163
test_id863,11.741974024509553
test_id864,12.918980502267544
test_id865,12.81061757570967
test_id866,11.531083006790801
test_id867,11.241368863858412
test_id868,10.336869275483501
test_id869,12.837106129197288
test_id870,11.581593630715084
test_id871,11.706206021860602
test_id872,9.795056970728943
test_id873,12.673009540706026
test_id874,12.90462286829868
test_id875,9.64274364510559
test_id876,12.328427463217523
test_id877,13.48640044131266
test_id878,10.67425714426605
test_id879,12.567657564054436
test_id880,11.24572608059892
test_id881,11.266032973785315
test_id882,10.138943583294953
test_id883,11.257109848211094
test_id884,9.420026957242278
test_id885,12.44838380904742
test_id886,12.382934904117285
test_id887,11.602025569208983
test_id888,13.71712375281519
test_id889,12.409516131748092
test_id890,10.299128310732712
test_id891,11.905726352295794
test_id892,11.85960181505559
test_id893,12.573825185446601
test_id894,12.618467966012773
test_id895,12.36854994262358
test_id896,10.93676169108386
test_id897,12.503093863311399
test_id898,8.382997781501174
test_id899,11.645825693079992
test_id900,12.60339799662254
test_id901,11.951390941501067
test_id902,13.061386937912161
test_id903,11.791653686394717
test_id904,11.750106818541546
test_id905,11.670625430483518
test_id906,7.786107098761555
test_id907,12.873770589311128
test_id908,12.524653762960746
test_id909,12.208005658302504
test_id910,11.00046736523803
test_id911,11.386870982010116
test_id912,13.228460340778796
test_id913,8.581229224413413
test_id914,10.928688837752041
test_id915,12.578591827555606
test_id916,10.64426099681421
test_id917,13.573324179408964
test_id918,11.188892473529563
test_id919,10.932455610487132
test_id920,10.893785931215355
test_id921,11.690913394755562
test_id922,12.735746726398837
test_id923,14.482663343637839
test_id924,12.86126412374957
test_id925,12.411570648318353
test_id926,11.546082489097031
test_id927,12.416611856465103
test_id928,10.366973685582174
test_id929,11.384869639042336
test_id930,12.776048815970277
test_id931,9.443822850189655
test_id932,14.60375093465634
test_id933,10.799794237208516
test_id934,12.909940257444639
test_id935,13.171397559584001
test_id936,13.05386951464397
test_id937,12.17691901868853
test_id938,10.887465752179914
test_id939,11.050626951206056
test_id940,13.366123247675212
test_id941,6.8423368695023825
test_id942,12.73534971098696
test_id943,13.297713426401039
test_id944,12.494425309208843
test_id945,13.19269248005569
test_id946,12.718365210790388
test_id947,10.484280390942125
test_id948,13.60448395878523
test_id949,12.610619754615094
test_id950,11.042336901561505
test_id951,13.045043083791533
test_id952,13.973566318938005
test_id953,14.483707900018906
test_id954,-29.08894660682628
test_id955,11.189718876054975
test_id956,11.234712659911132
test_id957,12.686370241751021
test_id958,11.075860521149188
test_id959,12.469471474854664
test_id960,11.671161647088859
test_id961,11.62353550602932
test_id962,12.570484145538572
test_id963,12.66258654262574
test_id964,8.775627481061441
test_id965,13.060113817760076
test_id966,12.256535923886197
test_id967,10.942593200613267
test_id968,12.730034301836199
test_id969,11.189499078216933
test_id970,11.766573573800194
test_id971,11.204394742608635
test_id972,12.312331875686546
test_id973,11.15106786286676
test_id974,10.267875067922517
test_id975,10.67456008177367
test_id976,13.263416335275146
test_id977,13.729094746416258
test_id978,12.82388906506575
test_id979,11.696551438154309
test_id980,12.748766415705099
test_id981,12.539135485001694
test_id982,11.331225743352405
test_id983,12.677602447977215
test_id984,12.712430207671254
test_id985,12.553905855069623
test_id986,11.604150913832292
test_id987,12.627863301885633
test_id988,11.813142855207964
test_id989,12.565719329027594
test_id990,12.52844638572143
test_id991,10.822123723614887
test_id992,13.424185262582263
test_id993,10.9019066876726
test_id994,12.66956530692395
test_id995,11.69664551287699
test_id996,11.550697256018061
test_id997,13.372028953278651
test_id998,11.46994892403486
test_id999,11.959347006672282
test_id1000,11.403492361878307
test_id1001,11.485110692097791
test_id1002,11.351162902543159
test_id1003,13.456330475077884
test_id1004,13.100551829791165
test_id1005,10.931488111948518
test_id1006,10.117052091052237
test_id1007,12.376978222727054
test_id1008,12.912116823298348
test_id1009,7.196764020439581
test_id1010,11.842110764249831
test_id1011,11.72709535159077
test_id1012,13.251812810519397
test_id1013,12.993368619555845
test_id1014,12.586180454983385
test_id1015,12.529592927681186
test_id1016,11.528076665977643
test_id1017,10.832092754451956
test_id1018,12.302059669871191
test_id1019,12.92138610619056
test_id1020,11.679705323263171
test_id1021,11.200366762665219
test_id1022,11.679100530335468
test_id1023,12.50170821636636
test_id1024,12.611346800389988
test_id1025,7.402014021773375
test_id1026,12.962986819666362
test_id1027,9.271976474885534
test_id1028,12.61664557996864
test_id1029,14.555308946155044
test_id1030,10.481581575111328
test_id1031,11.418825040052695
test_id1032,12.020350838264712
test_id1033,12.150449981480953
test_id1034,13.016121333323234
test_id1035,10.93315533359445
test_id1036,11.318044482138653
test_id1037,9.922187644747865
test_id1038,9.159765075930558
test_id1039,10.940973252885641
test_id1040,12.437959384176999
test_id1041,8.2708495100077
test_id1042,11.553289817278873
test_id1043,11.858175943131421
test_id1044,12.251337496417207
test_id1045,13.344056845876118
test_id1046,13.745061475088754
test_id1047,10.965366864633502
test_id1048,10.862390266986203
test_id1049,11.2248878657633
test_id1050,11.22323714893681
test_id1051,6.565250856244667
test_id1052,12.480874118530743
test_id1053,13.470211277917166
test_id1054,11.723593065128867
test_id1055,12.751826118346742
test_id1056,10.994869065245204
test_id1057,11.375547979212037
test_id1058,12.790423156343032
test_id1059,11.748407831700682
test_id1060,11.246858721008834
test_id1061,13.00852318794663
test_id1062,13.00159795267281
test_id1063,12.202877034587921
test_id1064,10.534584475308769
test_id1065,8.744829221429448
test_id1066,12.473048443291866
test_id1067,10.718795653913737
test_id1068,7.853770470192579
test_id1069,12.917756078387235
test_id1070,12.499691552833653
test_id1071,11.861095428870314
test_id1072,12.84455331011307
test_id1073,10.63854701473577
test_id1074,13.764973713639819
test_id1075,10.93558322782716
test_id1076,12.720303657146907
test_id1077,13.124239919345108
test_id1078,11.357217649038326
test_id1079,12.598184501161732
test_id1080,11.892216917988996
test_id1081,11.575393209610574
test_id1082,13.027061866557375
test_id1083,12.2804544116415
test_id1084,12.64147577697539
test_id1085,11.646626144756972
test_id1086,11.09966880295169
test_id1087,12.520904765523063
test_id1088,12.91679050402589
test_id1089,11.700629853585077
test_id1090,12.700403270303738
test_id1091,13.269812061852996
test_id1092,12.62252057419353
test_id1093,11.060474484274913
test_id1094,13.33616349661289
test_id1095,10.339870787563392
test_id1096,11.530246551461403
test_id1097,9.984101619762377
test_id1098,12.560332320005593
test_id1099,10.936674841983702
test_id1100,12.810330807568256
test_id1101,12.877501249700018
test_id1102,12.843315794860764
test_id1103,12.383553542776149
test_id1104,12.658366281976235
test_id1105,11.6707823032336
test_id1106,12.595762075235577
test_id1107,5.760545274568962
test_id1108,12.512769265967059
test_id1109,11.891758638722308
test_id1110,10.929942887760376
test_id1111,12.773704813110193
test_id1112,11.313074056680357
test_id1113,14.856161878146374
test_id1114,12.479026501702911
test_id1115,9.706437616042187
test_id1116,12.665738448483964
test_id1117,10.721892136033212
test_id1118,12.432556032819981
test_id1119,11.621234889922086
test_id1120,11.443661833403532
test_id1121,14.405373201641417
test_id1122,11.536921747710856
test_id1123,12.93525383236318
test_id1124,12.538147243244431
test_id1125,12.818242044125618
test_id1126,12.885792321607717
test_id1127,13.37723905311912
test_id1128,12.799042595516504
test_id1129,12.785519631933902
test_id1130,10.152200619292948
test_id1131,11.550206904249045
test_id1132,11.747096298867305
test_id1133,12.511403705544701
test_id1134,12.837899501727186
test_id1135,10.528090004382825
test_id1136,10.437112925478765
test_id1137,12.680557037559716
test_id1138,9.390241610488374
test_id1139,11.189258506937016
test_id1140,11.023472577952859
test_id1141,11.642972019178295
test_id1142,13.43236250570775
test_id1143,11.25651413625279
test_id1144,10.82190814328029
test_id1145,11.32696131902481
test_id1146,12.709011455000748
test_id1147,10.74856257876349
test_id1148,6.895664806081832
test_id1149,11.309574030866358
test_id1150,13.21509751933555
test_id1151,11.045514807148756
test_id1152,13.191070834590839
test_id1153,11.49569395552603
test_id1154,11.63058296448024
test_id1155,12.427014707960403
test_id1156,10.294472396686544
test_id1157,9.743941428074535
test_id1158,12.925871505783917
test_id1159,12.513739995774607
test_id1160,12.41735834284578
test_id1161,12.174836439172246
test_id1162,10.572175133059794
test_id1163,13.308111219340844
test_id1164,12.645440523783527
test_id1165,15.18695588244362
test_id1166,10.262402470199163
test_id1167,11.746829306485516
test_id1168,12.64995094475713
test_id1169,12.990632106518042
test_id1170,11.071906475409556
test_id1171,12.235406893318462
test_id1172,12.790767112553809
test_id1173,12.936863358314021
test_id1174,10.888825484432608
test_id1175,12.376536071697785
test_id1176,12.632160169059027
test_id1177,10.544960070894199
test_id1178,10.386911810678093
test_id1179,12.003405280012132
test_id1180,10.217101967354026
test_id1181,12.344818541831685
test_id1182,12.193154877288343
test_id1183,10.601167197494739
test_id1184,10.988783703925513
test_id1185,11.789313189745037
test_id1186,13.15808574168772
test_id1187,10.744706410123634
test_id1188,12.404572380899516
test_id1189,11.586039802415208
test_id1190,13.636613586515232
test_id1191,10.352206058753104
test_id1192,10.971052758498445
test_id1193,10.060953071030319
test_id1194,12.641609086791675
test_id1195,13.192141332296991
test_id1196,11.88513500290616
test_id1197,13.118834593676333
test_id1198,10.59374688415474
test_id1199,10.975474922397133
test_id1200,12.519358976647332
test_id1201,12.842158936584525
test_id1202,12.703986484315529
test_id1203,12.631082441513122
test_id1204,12.643908341245954
test_id1205,11.308188238080483
test_id1206,11.224298234769087
test_id1207,12.390954595712593
test_id1208,11.116231709704273
test_id1209,11.517358902565157
test_id1210,13.539895207302372
test_id1211,11.199013167939732
test_id1212,13.015258710141602
test_id1213,8.840738627435663
test_id1214,6.432099507389573
test_id1215,11.410988127817596
test_id1216,11.53695944616647
test_id1217,10.275493787703091
test_id1218,10.855819144842776
test_id1219,12.592029298784787
test_id1220,11.419362483907882
test_id1221,12.427095350380881
test_id1222,11.240433312915087
test_id1223,12.965876313480294
test_id1224,10.803804655668792
test_id1225,12.72797382603499
test_id1226,9.140974454573687
test_id1227,12.45842296210521
test_id1228,9.421508160687658
test_id1229,11.806850920181901
test_id1230,12.370560676208989
test_id1231,12.987950749106965
test_id1232,12.59885334953919
test_id1233,13.00746414373102
test_id1234,11.213588376311698
test_id1235,10.701477231880865
test_id1236,10.233937677318956
test_id1237,12.459732036820391
test_id1238,11.014820064387031
test_id1239,11.025547504642468
test_id1240,11.250741261431436
test_id1241,12.629323726436489
test_id1242,11.282745234378801
test_id1243,12.65785213651494
test_id1244,11.367562099265164
test_id1245,10.433483675235486
test_id1246,11.29258384561988
test_id1247,12.251785346242947
test_id1248,8.357661936767578
test_id1249,13.171564674192567
test_id1250,13.653854699307097
test_id1251,12.865097691759082
test_id1252,11.28396111820178
test_id1253,12.536615278175923
test_id1254,14.533845470803222
test_id1255,10.077884750029945
test_id1256,12.802592147309092
test_id1257,13.195164183728672
test_id1258,11.003242148814685
test_id1259,11.487006979859395
test_id1260,11.688869807977433
test_id1261,11.016980138184238
test_id1262,11.694548214264664
test_id1263,12.458337156567843
test_id1264,13.421394321158566
test_id1265,14.423394926337188
test_id1266,9.412902667403756
test_id1267,12.802845546492613
test_id1268,13.545400236961278
test_id1269,12.694565652177339
test_id1270,12.468648191873932
test_id1271,10.03444263498259
test_id1272,11.665744579056295
test_id1273,12.906321413539871
test_id1274,12.739907859572874
test_id1275,5.69820148647414
test_id1276,12.21657142440484
test_id1277,11.047546676766522
test_id1278,9.106121119125227
test_id1279,12.148778796133932
test_id1280,8.024787362262153
test_id1281,10.252619213061699
test_id1282,12.556780363355408
test_id1283,12.760286238546449
test_id1284,12.425333922745573
test_id1285,10.701990565492792
test_id1286,12.746273407857906
test_id1287,13.282580121630282
test_id1288,10.903041646627123
test_id1289,10.307544043374982
test_id1290,11.139688282763984
test_id1291,12.53425855692226
test_id1292,11.757420571238974
test_id1293,12.1003412054961
test_id1294,11.406436020830988
test_id1295,12.61520003702524
test_id1296,12.875978535574355
test_id1297,12.621456547478509
test_id1298,12.5370578301523
test_id1299,11.337202210603778
test_id1300,11.619884745683017
test_id1301,12.811664029102424
test_id1302,11.636125315954779
test_id1303,9.51477339590398
test_id1304,11.98690157339012
test_id1305,12.676973297500993
test_id1306,12.870576122708279
test_id1307,12.382363129420682
test_id1308,12.717251843515903
test_id1309,13.257739066575617
test_id1310,12.89181349070865
test_id1311,12.674911971872234
test_id1312,12.558063888551516
test_id1313,10.33693417505345
test_id1314,12.642049836999561
test_id1315,11.439140593145858
test_id1316,10.148646568821725
test_id1317,12.166061933753532
test_id1318,10.81403276955917
test_id1319,13.041915944209485
test_id1320,11.74467496564094
test_id1321,11.622665696220821
test_id1322,12.428519891018965
test_id1323,12.471486904847872
test_id1324,10.949942535052053
test_id1325,12.978266243883787
test_id1326,9.955247747777271
test_id1327,12.628789565766702
test_id1328,11.341936422260268
test_id1329,13.378730031711292
test_id1330,13.454936032511718
test_id1331,10.48794198931175
test_id1332,14.791956473988996
test_id1333,13.006605200993526
test_id1334,12.252871916373508
test_id1335,11.027010654205547
test_id1336,12.868374841681096
test_id1337,11.244193151545723
test_id1338,12.59691324352098
test_id1339,10.437214787934188
test_id1340,13.042053676840617
test_id1341,13.640304626609705
test_id1342,10.865629943776426
test_id1343,12.652011620817682
test_id1344,10.709352338715298
test_id1345,12.560431794072379
test_id1346,12.022724131978926
test_id1347,11.34501602369648
test_id1348,12.016493230223467
test_id1349,7.918400326731977
test_id1350,8.592218540935384
test_id1351,12.871669001725287
test_id1352,10.80390578639026
test_id1353,13.501112355502094
test_id1354,10.56700645167107
test_id1355,11.649556141038566
test_id1356,10.40281406916094
test_id1357,11.02984855478583
test_id1358,10.761020851707023
test_id1359,14.49154123841739
test_id1360,12.649314111200702
test_id1361,12.280593897814093
test_id1362,10.650893097358512
test_id1363,12.77927666904565
test_id1364,13.863403964398024
test_id1365,11.125880259353188
test_id1366,12.799618350423223
test_id1367,11.209357235773417
test_id1368,11.403607453428357
test_id1369,12.651084653611925
test_id1370,11.34936740405876
test_id1371,8.386628252158495
test_id1372,10.967940878013778
test_id1373,12.379799553264917
test_id1374,11.830225063540873
test_id1375,10.847719121016901
test_id1376,9.976019386140834
test_id1377,7.9199465332990755
test_id1378,12.786456436827073
test_id1379,12.835468438891674
test_id1380,14.813158561979328
test_id1381,11.296599703505372
test_id1382,12.536104584133007
test_id1383,13.686875447202702
test_id1384,9.11906638081637
test_id1385,3.8196863066339333
test_id1386,12.856381863353754
test_id1387,11.498778310943813
test_id1388,13.042728138790174
test_id1389,8.902268210851233
test_id1390,13.326364940065083
test_id1391,10.869946764740924
test_id1392,12.698907145695458
test_id1393,11.32155300325337
test_id1394,9.94644816657587
test_id1395,10.32777838054404
test_id1396,12.728776143472196
test_id1397,10.020251370018329
test_id1398,12.550640910837167
test_id1399,17.04189638458589
test_id1400,12.623599163480286
test_id1401,12.655415149692196
test_id1402,12.830588120727292
test_id1403,10.09357714722615
test_id1404,14.747387543442784
test_id1405,12.593873828946933
test_id1406,12.741548512871447
test_id1407,12.545086472648286
test_id1408,10.978415918801595
test_id1409,10.867204898022244
test_id1410,13.324657344895094
test_id1411,11.467244289336271
test_id1412,13.69370786913344
test_id1413,9.898037206386128
test_id1414,12.440429437974224
test_id1415,11.776499633779117
test_id1416,6.955149163904402
test_id1417,10.77970710118408
test_id1418,11.26362530609564
test_id1419,11.211101033919867
test_id1420,9.457022995622815
test_id1421,12.471191425805983
test_id1422,12.344848812484393
test_id1423,12.918630584114688
test_id1424,11.875163904520512
test_id1425,11.338003456607503
test_id1426,11.4632701902243
test_id1427,12.928924435393043
test_id1428,12.597913542672423
test_id1429,11.328421110303317
test_id1430,3.3898439703256997
test_id1431,10.211484004374633
test_id1432,12.998018060963439
test_id1433,12.996412349018222
test_id1434,13.167958308840106
test_id1435,12.776817604601952
test_id1436,11.693279016592186
test_id1437,12.522718163416691
test_id1438,12.686307155383957
test_id1439,11.089205831165252
test_id1440,12.431868830508968
test_id1441,7.334113911649631
test_id1442,11.87362155875556
test_id1443,10.03580971506581
test_id1444,11.099993361595189
test_id1445,7.134154050262062
test_id1446,13.737308441260552
test_id1447,10.749150176267293
test_id1448,11.611758313578541
test_id1449,12.690492019065651
test_id1450,10.427489348194769
test_id1451,12.935635413012534
test_id1452,13.541422912532205
test_id1453,13.208631116319026
test_id1454,11.10416439703306
test_id1455,12.981001782810445
test_id1456,11.166301754054551
test_id1457,13.057779914964506
test_id1458,12.698629191151618
test_id1459,12.710842864757772
test_id1460,12.514784133564767
test_id1461,11.325290717939275
test_id1462,12.618884433285793
test_id1463,12.892517184685254
test_id1464,12.494830374422726
test_id1465,11.755672707270683
test_id1466,10.962699049139935
test_id1467,12.77643948301543
test_id1468,12.667003262342313
test_id1469,10.949581821536505
test_id1470,10.929813800152338
test_id1471,12.493931246513007
test_id1472,9.416092647979461
test_id1473,12.97816792730989
test_id1474,9.67641069667495
test_id1475,12.87253310644477
test_id1476,11.568551909582368
test_id1477,11.089150047929515
test_id1478,13.244509466644239
test_id1479,12.4579353817294
test_id1480,12.71286923676891
test_id1481,13.75249645185108
test_id1482,12.56189510444063
test_id1483,13.171780271985362
test_id1484,12.362269456439456
test_id1485,11.647324024709711
test_id1486,13.512237245969423
test_id1487,12.436647911295275
test_id1488,12.722735689586926
test_id1489,12.488983420743502
test_id1490,10.490528039559003
test_id1491,12.38207304573956
test_id1492,11.424255702836156
test_id1493,13.036982451579199
test_id1494,10.810009774954459
test_id1495,12.834761740176042
test_id1496,11.618743919804679
test_id1497,12.661002992132588
test_id1498,11.267104734693653
test_id1499,11.4257079898102
test_id1500,14.058428769550304
test_id1501,11.513544463334249
test_id1502,12.883658879382729
test_id1503,12.279278086949354
test_id1504,10.79659534739772
test_id1505,8.852182983517757
test_id1506,10.971334752910579
test_id1507,13.308272282601337
test_id1508,10.290716491296124
test_id1509,12.974981244499759
test_id1510,11.106745812108649
test_id1511,9.835029217108342
test_id1512,12.67871085619479
test_id1513,11.451329055684809
test_id1514,12.323823540129489
test_id1515,10.424747717047424
test_id1516,10.557291418537012
test_id1517,11.818686351366303
test_id1518,10.67473041282026
test_id1519,11.19060255421521
test_id1520,8.445974269905854
test_id1521,12.748349949283956
test_id1522,12.56865557965375
test_id1523,13.702180334290908
test_id1524,10.991289911238688
test_id1525,11.583088200254402
test_id1526,11.138110487264889
test_id1527,11.054731366250031
test_id1528,10.891399677326135
test_id1529,11.532968036276245
test_id1530,11.063289953095683
test_id1531,10.283838796818692
test_id1532,12.945030046114042
test_id1533,13.637553775733842
test_id1534,12.89427707918842
test_id1535,12.818782546569267
test_id1536,12.151338499521508
test_id1537,11.583198887244286
test_id1538,12.704229033977988
test_id1539,12.3636214491273
test_id1540,9.651231366088446
test_id1541,9.714442369652538
test_id1542,10.623703914540236
test_id1543,11.136673608604916
test_id1544,13.592494505858717
test_id1545,12.367823204875187
test_id1546,13.086794245354362
test_id1547,11.512850106169857
test_id1548,11.692355497864362
test_id1549,10.975713893809704
test_id1550,12.048588262672816
test_id1551,12.659285464779252
test_id1552,10.56376830675449
test_id1553,11.176831795445388
test_id1554,10.911590050371977
test_id1555,12.266566782686517
test_id1556,12.025841982223476
test_id1557,10.946933801778854
test_id1558,12.719715639168378
test_id1559,11.746320127707541
test_id1560,10.481103581867103
test_id1561,11.21289454320857
test_id1562,12.175647729252908
test_id1563,10.969969453881411
test_id1564,11.536779057836235
test_id1565,12.462499430037475
test_id1566,12.636524652253122
test_id1567,9.777500485556764
test_id1568,12.683805639321733
test_id1569,10.674059038387789
test_id1570,10.44575539968529
test_id1571,12.475433984233185
test_id1572,11.561498931578356
test_id1573,10.535636140140078
test_id1574,14.47079596544939
test_id1575,12.320247119761348
test_id1576,10.030917644217666
test_id1577,11.227728836026863
test_id1578,10.720635171046816
test_id1579,11.25954557177051
test_id1580,12.360571543463927
test_id1581,11.346607070731572
test_id1582,12.51717805868467
test_id1583,12.498948168877796
test_id1584,11.238321082264903
test_id1585,13.594958660599787
test_id1586,12.587789078268365
test_id1587,12.582850813575526
test_id1588,11.288463557609852
test_id1589,11.971532457307639
test_id1590,11.06914065108888
test_id1591,13.653305993517613
test_id1592,11.185830888316154
test_id1593,10.421999756145262
test_id1594,11.555680940202095
test_id1595,12.650873499776061
test_id1596,11.280683246251279
test_id1597,6.567865740801913
test_id1598,12.604214173017276
test_id1599,12.739356830446596
test_id1600,13.059045732762605
test_id1601,11.5786029314446
test_id1602,11.115428625541973
test_id1603,12.887295690159547
test_id1604,11.27100067550522
test_id1605,14.334130962675403
test_id1606,12.274802728579488
test_id1607,12.47283361456389
test_id1608,11.062689531307832
test_id1609,11.916586861766682
test_id1610,12.778606089211088
test_id1611,11.379941026937779
test_id1612,11.374876068268684
test_id1613,12.7837683706122
test_id1614,11.440161211681207
test_id1615,11.146145187264487
test_id1616,10.28502682098793
test_id1617,12.534910835574017
test_id1618,13.362025883956555
test_id1619,11.32442524284101
test_id1620,12.372454134609363
test_id1621,8.340485358944782
test_id1622,11.914117239043328
test_id1623,10.170531976714521
test_id1624,11.590705260988756
test_id1625,11.210931786091237
test_id1626,10.511457519634654
test_id1627,10.906541730242417
test_id1628,11.794035953504817
test_id1629,10.693004797883553
test_id1630,11.214774765300483
test_id1631,12.463826351697769
test_id1632,10.56459733546857
test_id1633,12.626179475739221
test_id1634,11.36769108247227
test_id1635,11.032010590915739
test_id1636,13.728815471812979
test_id1637,10.611041522995485
test_id1638,13.621813401773458
test_id1639,12.918619639366817
test_id1640,12.604797089818469
test_id1641,11.01280994980673
test_id1642,13.723357160238407
test_id1643,11.449686452870814
test_id1644,10.979943316950788
test_id1645,10.736200877651846
test_id1646,12.732655028310226
test_id1647,12.52649970302371
test_id1648,10.166655849607885
test_id1649,13.206960272274124
test_id1650,10.304382123842117
test_id1651,12.616563494989059
test_id1652,13.139026581181703
test_id1653,11.001468542709262
test_id1654,10.915560419972422
test_id1655,12.709754654547226
test_id1656,12.60181921957873
test_id1657,12.623318683964236
test_id1658,10.245029612713765
test_id1659,12.30435869525801
test_id1660,11.560861416376014
test_id1661,12.197548992177552
test_id1662,13.433017053701533
test_id1663,13.739488618230375
test_id1664,11.666479857089975
test_id1665,10.369389289386348
test_id1666,11.665452654508492
test_id1667,12.14310784426435
test_id1668,13.324456014936821
test_id1669,13.370158372451186
test_id1670,13.228293349687789
test_id1671,12.85561337819341
test_id1672,11.291766409916967
test_id1673,12.764029263636715
test_id1674,11.135593827407028
test_id1675,13.210964260675702
test_id1676,11.298208011079673
test_id1677,11.449577253012855
test_id1678,11.327776615631898
test_id1679,10.196046751989194
test_id1680,11.519064548022449
test_id1681,12.895064146943056
test_id1682,11.23472411370441
test_id1683,11.542891728185047
test_id1684,11.87204566490665
test_id1685,12.578232767425838
test_id1686,8.793260394062195
test_id1687,12.964934051774549
test_id1688,13.27547867589022
test_id1689,13.244280041647933
test_id1690,7.641314641695992
test_id1691,10.4904510317497
test_id1692,13.339407538781124
test_id1693,11.471152216714053
test_id1694,10.207976539417452
test_id1695,12.789240278458479
test_id1696,13.103076377184529
test_id1697,10.772069285453505
test_id1698,9.80101326240721
test_id1699,7.647467511081651
test_id1700,12.202125960111111
test_id1701,12.242635005859206
test_id1702,10.36596671900336
test_id1703,11.794227379103468
test_id1704,11.433975206905465
test_id1705,11.734978581584834
test_id1706,12.911080029017178
test_id1707,12.978401557111972
test_id1708,12.493634730982286
test_id1709,12.677496336905413
test_id1710,13.14869977971555
test_id1711,11.834545782350084
test_id1712,13.555912399908735
test_id1713,12.571248268353166
test_id1714,11.264005419048125
test_id1715,13.172236727592058
test_id1716,13.496489224356658
test_id1717,12.405141168636014
test_id1718,12.837273448997486
test_id1719,12.72021842714664
test_id1720,10.700710093329057
test_id1721,10.960187398380235
test_id1722,9.60660569731008
test_id1723,12.524065165987032
test_id1724,10.942315370716742
test_id1725,11.074086602125043
test_id1726,10.924415594941259
test_id1727,10.562873633465152
test_id1728,9.49157006046223
test_id1729,12.953306978226273
test_id1730,10.310674152110536
test_id1731,10.908415317367094
test_id1732,11.16798933005888
test_id1733,12.363862046803298
test_id1734,10.8822068302089
test_id1735,9.880308665653203
test_id1736,13.114606800533977
test_id1737,13.267171667371521
test_id1738,9.963482033375548
test_id1739,11.669008730163988
test_id1740,9.147203305642229
test_id1741,10.727046642154278
test_id1742,11.05559501044457
test_id1743,10.343381521119007
test_id1744,8.700960912135024
test_id1745,12.631409911228815
test_id1746,7.312807696691287
test_id1747,12.93403125257364
test_id1748,14.830427565903058
test_id1749,9.43723916671997
test_id1750,10.721677898461373
test_id1751,12.233077947572859
test_id1752,12.562463538314681
test_id1753,14.98314913674644
test_id1754,10.216769686316546
test_id1755,11.523887128505542
test_id1756,11.108523352492263
test_id1757,12.779424905769808
test_id1758,11.129412349158706
test_id1759,10.169745425545358
test_id1760,10.959586313950105
test_id1761,10.221624816311646
test_id1762,12.333517828188441
test_id1763,9.466961092068935
test_id1764,12.833983537320641
test_id1765,12.824915503829793
test_id1766,11.4305070313791
test_id1767,12.354708688730874
test_id1768,11.231171976345301
test_id1769,11.191994034478604
test_id1770,11.053481718034867
test_id1771,9.554066191405475
test_id1772,13.105993544983995
test_id1773,12.046323585141174
test_id1774,10.731432564300171
test_id1775,12.762953535552931
test_id1776,11.214665582571463
test_id1777,15.046170931576519
test_id1778,11.017625015919712
test_id1779,12.32835903843307
test_id1780,10.937890390105714
test_id1781,10.76128334344839
test_id1782,11.288536157982783
test_id1783,13.33918352305276
test_id1784,10.929495878182244
test_id1785,12.335362234910804
test_id1786,11.329939981719512
test_id1787,12.090015502619728
test_id1788,7.520249010966005
test_id1789,11.347487660533623
test_id1790,13.353976849254103
test_id1791,13.299222773414094
test_id1792,10.631377435283369
test_id1793,12.302202636892368
test_id1794,10.840441146053145
test_id1795,10.146508248300144
test_id1796,11.44116485006338
test_id1797,12.62632616951938
test_id1798,12.841806848343104
test_id1799,12.295137392874025
test_id1800,8.313689767832656
test_id1801,15.118745569680165
test_id1802,11.483569468565179
test_id1803,5.665253054656141
test_id1804,11.168903478914253
test_id1805,12.948468947865628
test_id1806,13.008896420587668
test_id1807,10.33180882640837
test_id1808,11.398789226132685
test_id1809,12.411580043782443
test_id1810,12.96635181186388
test_id1811,11.777495629571128
test_id1812,11.668163937457187
test_id1813,12.623866316348504
test_id1814,13.575856819053662
test_id1815,12.328720655638186
test_id1816,11.171557784243014
test_id1817,12.290680971639034
test_id1818,11.634393606214928
test_id1819,10.904968604918487
test_id1820,12.68439818513746
test_id1821,12.148215291287165
test_id1822,10.07443711679192
test_id1823,9.926742734457626
test_id1824,10.9538640792696
test_id1825,12.592620314272857
test_id1826,12.953391509324895
test_id1827,12.732058344418967
test_id1828,12.49453731364742
test_id1829,9.907405178415836
test_id1830,12.868635575904172
test_id1831,14.62936095134824
test_id1832,11.569586728334635
test_id1833,12.43122621080228
test_id1834,9.809840670405627
test_id1835,12.438484169437181
test_id1836,12.506462428344143
test_id1837,10.372270990281002
test_id1838,12.567992828165465
test_id1839,11.228090649145862
test_id1840,12.444877648905091
test_id1841,12.16379279563865
test_id1842,13.54596575684382
test_id1843,12.387532813322458
test_id1844,10.394888327516064
test_id1845,13.075212849260076
test_id1846,12.286966191609771
test_id1847,11.609678209325118
test_id1848,14.077482497848713
test_id1849,10.797245244374423
test_id1850,10.863916457679885
test_id1851,10.93618464638903
test_id1852,12.844550978862316
test_id1853,13.362924467784886
test_id1854,12.981552946965579
test_id1855,10.900911091879173
test_id1856,12.47056254648416
test_id1857,9.89416053467881
test_id1858,8.918623431806246
test_id1859,10.6340061001681
test_id1860,11.421024461362954
test_id1861,13.45810204241618
test_id1862,13.256436598896194
test_id1863,11.157220614618616
test_id1864,11.407293895272431
test_id1865,12.01421627070858
test_id1866,13.25387234214812
test_id1867,10.080972612590351
test_id1868,12.770009913110094
test_id1869,11.753266012461772
test_id1870,12.17843196125515
test_id1871,10.988649477682692
test_id1872,11.091319714841696
test_id1873,12.820919953377334
test_id1874,13.319267530772414
test_id1875,12.49722106417569
test_id1876,11.794279555122479
test_id1877,12.664031370957375
test_id1878,12.64464297484946
test_id1879,12.619361479053332
test_id1880,11.488820001205276
test_id1881,12.654672346644219
test_id1882,12.572501516622587
test_id1883,14.782449348445603
test_id1884,11.211705559599196
test_id1885,11.758222808538633
test_id1886,10.440123884479867
test_id1887,10.969953313865169
test_id1888,11.191770073928843
test_id1889,14.941577380632275
test_id1890,11.673263288874892
test_id1891,11.137291166681557
test_id1892,11.427270056978891
test_id1893,12.844293171812218
test_id1894,14.737464867952319
test_id1895,12.686050037262355
test_id1896,12.81470895999717
test_id1897,11.538860682351554
test_id1898,11.024420519704343
test_id1899,13.463973905816161
test_id1900,11.136949710970569
test_id1901,12.918987491234276
test_id1902,16.918962031747135
test_id1903,10.470711818179474
test_id1904,6.451146568857645
test_id1905,9.161618050635326
test_id1906,11.396045571284738
test_id1907,12.28553536163193
test_id1908,10.954001075656244
test_id1909,11.072222183113048
test_id1910,11.566688894794893
test_id1911,13.547400826292197
test_id1912,12.307589229644698
test_id1913,8.40791189815156
test_id1914,10.524077348806237
test_id1915,12.571847696348037
test_id1916,12.704010181797166
test_id1917,12.675348049452573
test_id1918,11.456238815761573
test_id1919,14.766088689133625
test_id1920,12.720784381855836
test_id1921,10.965282342740132
test_id1922,11.647257612579772
test_id1923,10.949006518086271
test_id1924,11.389344703704374
test_id1925,11.778516232382849
test_id1926,13.053019421025077
test_id1927,11.05644238697608
test_id1928,11.465113954699
test_id1929,12.427795735250413
test_id1930,10.202669137239724
test_id1931,13.02783538824557
test_id1932,12.697293470956822
test_id1933,12.43674720826963
test_id1934,11.159689975806792
test_id1935,7.007561703392064
test_id1936,10.048581222141713
test_id1937,11.046571751827535
test_id1938,11.187305839648005
test_id1939,11.56639592182298
test_id1940,8.569573111221324
test_id1941,10.944065355693702
test_id1942,12.297396384597299
test_id1943,11.125082309454449
test_id1944,10.976324020007311
test_id1945,11.304874235556632
test_id1946,12.678867551788777
test_id1947,12.877397944053335
test_id1948,9.949970774935274
test_id1949,11.557838732946557
test_id1950,12.658528587473256
test_id1951,12.92324617502873
test_id1952,13.40571904900522
test_id1953,11.352929788969966
test_id1954,10.558571958085459
test_id1955,11.399404970418288
test_id1956,11.747730207316103
test_id1957,14.862590420208825
test_id1958,10.680290004826226
test_id1959,10.468533277798642
test_id1960,11.44620770280104
test_id1961,10.932701128220842
test_id1962,12.130727652438047
test_id1963,12.60770978587123
test_id1964,8.096463598788311
test_id1965,11.643892664445481
test_id1966,12.71325692997133
test_id1967,12.3077110506646
test_id1968,12.231507122708983
test_id1969,11.719923562028505
test_id1970,12.782901647788023
test_id1971,12.904046344821786
test_id1972,12.673514249114511
test_id1973,11.411713994031288
test_id1974,12.348783049498984
test_id1975,10.36334786411097
test_id1976,9.852304883547355
test_id1977,10.972018948627358
test_id1978,13.131480012578571
test_id1979,11.118299691472536
test_id1980,10.24151389787447
test_id1981,10.562940342497562
test_id1982,10.57262180962082
test_id1983,12.392920467122906
test_id1984,8.240159398579088
test_id1985,11.201442532498241
test_id1986,10.804693727581764
test_id1987,12.708897678247958
test_id1988,12.319073442435503
test_id1989,13.054408858919992
test_id1990,14.406738473777104
test_id1991,10.50658644120832
test_id1992,11.505754651692492
test_id1993,12.37551501172426
test_id1994,10.803802574668644
test_id1995,13.366133044321629
test_id1996,13.180949309217361
test_id1997,15.65846795443803
test_id1998,11.129135978830675
test_id1999,11.293072313305537
test_id2000,12.915043485227564
test_id2001,11.574918465283822
test_id2002,14.107390457120893
test_id2003,11.496538240924686
test_id2004,10.63858172311707
test_id2005,12.63271070823128
test_id2006,13.403910210151345
test_id2007,11.876962516534313
test_id2008,11.346358114647195
test_id2009,11.397282498407073
test_id2010,12.392041095903103
test_id2011,12.921928650481071
test_id2012,10.197285619745408
test_id2013,11.417995504327067
test_id2014,13.737677477467997
test_id2015,11.986924224349629
test_id2016,12.59778914215756
test_id2017,11.933685595721535
test_id2018,10.669532283307717
test_id2019,10.8687225078476
test_id2020,10.999325965334016
test_id2021,12.940700587214607
test_id2022,12.663497318732304
test_id2023,12.533853545764963
test_id2024,11.904365602189259
test_id2025,12.430716819634235
test_id2026,12.01781408983534
test_id2027,11.513624215547999
test_id2028,11.545617320881895
test_id2029,10.016596500288848
test_id2030,14.044075431977596
test_id2031,10.850325728704355
test_id2032,11.403180865567471
test_id2033,12.579890706143509
test_id2034,11.377852485726528
test_id2035,11.285082318536134
test_id2036,12.989485195910454
test_id2037,11.012050524927481
test_id2038,12.750641927179203
test_id2039,11.244246570785108
test_id2040,10.37712808475937
test_id2041,12.678819474365206
test_id2042,14.108133415344064
test_id2043,11.166207200300484
test_id2044,12.694144467078978
test_id2045,11.570617043383272
test_id2046,11.43539286565305
test_id2047,10.736581050466746
test_id2048,12.66371697985938
test_id2049,12.904160901870732
test_id2050,8.795188368166755
test_id2051,13.009216965213149
test_id2052,14.465529056193368
test_id2053,13.148418535653029
test_id2054,11.817264133891335
test_id2055,10.232985161421496
test_id2056,8.43047445316656
test_id2057,10.896294386481337
test_id2058,12.433761288344677
test_id2059,12.433680791885166
test_id2060,12.755424121285891
test_id2061,13.254798383649295
test_id2062,13.032641076498578
test_id2063,13.444583502149278
test_id2064,12.627703395908753
test_id2065,13.488976018512254
test_id2066,11.662143005163728
test_id2067,12.293205620317273
test_id2068,14.059766480626998
test_id2069,12.369516089986725
test_id2070,10.758010135246877
test_id2071,10.164767603475163
test_id2072,12.781124442094246
test_id2073,13.88664598097251
test_id2074,12.577853424557041
test_id2075,11.021199004134715
test_id2076,13.307777362328046
test_id2077,10.670666690515041
test_id2078,10.206763821193348
test_id2079,12.8885699025534
test_id2080,12.299235592422228
test_id2081,12.756969786188158
test_id2082,14.101045388694779
test_id2083,10.909873606750793
test_id2084,10.248071726886685
test_id2085,12.868993409007295
test_id2086,10.694831115450263
test_id2087,10.962051664109737
test_id2088,10.95623317912542
test_id2089,7.420964297528975
test_id2090,9.876528917630651
test_id2091,9.74429324143447
test_id2092,10.987698581025171
test_id2093,12.977531977341421
test_id2094,10.670363544694432
test_id2095,12.610667122868527
test_id2096,13.276089856496277
test_id2097,10.881771947111282
test_id2098,12.456023467248805
test_id2099,11.426099484713802
test_id2100,10.409866075557154
test_id2101,12.582554268368618
test_id2102,12.229171946048048
test_id2103,10.913576857986236
test_id2104,11.365005794666864
test_id2105,10.901095866426168
test_id2106,12.753910252332766
test_id2107,12.816821493595768
test_id2108,12.384673732998486
test_id2109,12.652586429630794
test_id2110,12.232879809881794
test_id2111,11.801258329216004
test_id2112,12.615091115451413
test_id2113,12.4905656256202
test_id2114,12.752704487193064
test_id2115,10.994763037260277
test_id2116,11.026245756698813
test_id2117,13.452802272007794
test_id2118,12.18118168245342
test_id2119,12.747758743300459
test_id2120,10.066091525915674
test_id2121,10.013246266608355
test_id2122,12.244557231246255
test_id2123,11.548615609911273
test_id2124,11.755786167348795
test_id2125,12.99977263705403
test_id2126,12.711242483908343
test_id2127,11.336233638415017
test_id2128,2.263319887461485
test_id2129,12.908744223423291
test_id2130,8.903679208288928
test_id2131,11.260945922771846
test_id2132,11.349898893597619
test_id2133,10.399083689258397
test_id2134,12.628335555016669
test_id2135,11.482308238691715
test_id2136,11.120924722172994
test_id2137,10.552802154475089
test_id2138,11.219728243950591
test_id2139,12.89522981368237
test_id2140,12.952115457511049
test_id2141,11.348962367674382
test_id2142,10.825354237631721
test_id2143,11.640316101472898
test_id2144,11.738287082925524
test_id2145,11.020286077924133
test_id2146,11.778192463254015
test_id2147,10.849497818212818
test_id2148,11.803589782220214
test_id2149,12.771560173329796
test_id2150,11.50245861987785
test_id2151,11.239751161310515
test_id2152,11.191903822640562
test_id2153,11.891862857417998
test_id2154,11.624415983910097
test_id2155,11.359549205915705
test_id2156,12.544961486650358
test_id2157,11.09056133636458
test_id2158,12.253312481012735
test_id2159,12.400804745634893
test_id2160,12.591589317715936
test_id2161,11.06744099816823
test_id2162,11.727598038410967
test_id2163,12.329234422984221
test_id2164,10.699514035869363
test_id2165,9.90196487469806
test_id2166,10.93850326673816
test_id2167,13.618359381525686
test_id2168,12.787557667088755
test_id2169,11.02771740351016
test_id2170,12.411999763288058
test_id2171,12.246809317463644
test_id2172,12.292767154140023
test_id2173,12.752247973330604
test_id2174,11.436132696701897
test_id2175,12.143581252867868
test_id2176,12.350439857626817
test_id2177,11.621404336162968
test_id2178,14.430850179804757
test_id2179,12.63505252628729
test_id2180,11.156778219051098
test_id2181,12.122121236269045
test_id2182,12.475046487004747
test_id2183,11.657446713576995
test_id2184,11.219343155304323
test_id2185,11.50315413133729
test_id2186,12.21449981116941
test_id2187,12.486084277591111
test_id2188,12.749885706599315
test_id2189,10.027251066495403
test_id2190,13.69569095221852
test_id2191,12.164719192517857
test_id2192,12.498699846613974
test_id2193,9.84244668271775
test_id2194,12.992967636680639
test_id2195,9.093321211321701
test_id2196,12.233926802589032
test_id2197,12.930569692890096
test_id2198,11.788295830864676
test_id2199,11.119486608488508
test_id2200,11.87669813477033
test_id2201,11.024346047988367
test_id2202,12.574299711466814
test_id2203,10.655362293997527
test_id2204,12.876562041073079
test_id2205,10.89225563474789
test_id2206,9.416945985043803
test_id2207,6.912454750510811
test_id2208,11.79063948681884
test_id2209,11.719572774583405
test_id2210,14.96622523744508
test_id2211,13.004979973187694
test_id2212,13.26129568397883
test_id2213,7.854044451624155
test_id2214,10.152650392839334
test_id2215,13.062911684023646
test_id2216,12.707981447113617
test_id2217,10.92321589210183
test_id2218,12.426567740765925
test_id2219,10.652879194107875
test_id2220,12.474974585677892
test_id2221,12.817771382776506
test_id2222,10.38082382124167
test_id2223,10.696442470333771
test_id2224,12.52995905491239
test_id2225,11.612659755420417
test_id2226,7.006626577249357
test_id2227,10.883270493520968
test_id2228,11.14693478006668
test_id2229,12.459800059885687
test_id2230,12.790190151459058
test_id2231,11.379319381333566
test_id2232,10.936548865974949
test_id2233,10.082199658117503
test_id2234,12.839897027447044
test_id2235,10.976254807792962
test_id2236,11.47030428996002
test_id2237,13.029134056109214
test_id2238,13.264198168052523
test_id2239,13.00784361419614
test_id2240,11.456635867976068
test_id2241,13.476611513242851
test_id2242,12.926892059678202
test_id2243,13.370245329135166
test_id2244,11.317195399304914
test_id2245,12.69252357959946
test_id2246,9.930064761430977
test_id2247,13.871409907456759
test_id2248,13.444540961166346
test_id2249,12.893013613287117
test_id2250,12.3431979280141
test_id2251,11.471918050746766
test_id2252,12.514579537027679
test_id2253,12.808974620174617
test_id2254,12.27932134310992
test_id2255,11.712102490972278
test_id2256,12.37702673710536
test_id2257,10.917437289716936
test_id2258,12.820808681039132
test_id2259,10.531510611983727
test_id2260,9.036442228996513
test_id2261,9.17407336236814
test_id2262,9.960143250147766
test_id2263,11.436644450910258
test_id2264,11.31380029833884
test_id2265,13.04365433012795
test_id2266,11.671420162393638
test_id2267,14.75754796866601
test_id2268,11.46625583876159
test_id2269,13.35526855331107
test_id2270,12.90227916322602
test_id2271,10.598158858033273
test_id2272,12.652934133716421
test_id2273,11.6789285267676
test_id2274,13.37045321905915
test_id2275,13.558104713331694
test_id2276,12.146738016549087
test_id2277,7.371802128911675
test_id2278,12.259985801371322
test_id2279,11.160483453161198
test_id2280,10.554057795027894
test_id2281,11.420124216781112
test_id2282,12.896107800789515
test_id2283,12.382595267500108
test_id2284,11.862508730744871
test_id2285,13.019095423171223
test_id2286,12.091668703514024
test_id2287,10.998513693006686
test_id2288,12.978291088499702
test_id2289,12.86096509758569
test_id2290,13.082679952858733
test_id2291,11.047443558221111
test_id2292,9.682908810023392
test_id2293,12.628899889581191
test_id2294,12.864174111269811
test_id2295,12.892397046566138
test_id2296,14.791003523520182
test_id2297,11.07307125392245
test_id2298,11.304845945971365
test_id2299,15.184773566870028
test_id2300,10.481143517763122
test_id2301,10.007152547175586
test_id2302,12.08963589815567
test_id2303,12.875668100241008
test_id2304,5.630399133748185
test_id2305,11.252800250474117
test_id2306,11.161487623349863
test_id2307,10.884333720584443
test_id2308,10.959447651935129
test_id2309,12.658231128110337
test_id2310,12.547214594494541
test_id2311,12.822443340549874
test_id2312,12.443940174196818
test_id2313,10.88389538189844
test_id2314,11.18418838881481
test_id2315,11.148409550352234
test_id2316,11.832378677903833
test_id2317,10.99830074495668
test_id2318,12.476295118406348
test_id2319,10.579502924424098
test_id2320,12.606641404576543
test_id2321,10.517986346575704
test_id2322,9.984043053561678
test_id2323,13.186210570629349
test_id2324,12.235626414813119
test_id2325,11.507361374723274
test_id2326,10.255388527166438
test_id2327,14.671929161093836
test_id2328,9.93129740897784
test_id2329,7.129099211548116
test_id2330,13.31088726512359
test_id2331,9.7679614266156
test_id2332,12.211210794388847
test_id2333,12.24978684064478
test_id2334,11.209447223223059
test_id2335,7.638817064689448
test_id2336,10.273599374875126
test_id2337,10.98159863658551
test_id2338,11.276267925440358
test_id2339,11.313624490134181
test_id2340,11.432997794278762
test_id2341,11.246318459053377
test_id2342,13.21289170133715
test_id2343,10.497338973555692
test_id2344,10.703725618474365
test_id2345,12.496240930628908
test_id2346,12.764812404098159
test_id2347,13.30245386407136
test_id2348,11.969029105158604
test_id2349,12.03020898075983
test_id2350,11.789872921412467
test_id2351,11.049484609228223
test_id2352,13.567702698344867
test_id2353,12.184166600691022
test_id2354,10.563928700603661
test_id2355,11.587770082583681
test_id2356,11.258786886875782
test_id2357,15.022784197928665
test_id2358,13.012659621261626
test_id2359,12.540600273768682
test_id2360,11.506473576766744
test_id2361,12.835914634369132
test_id2362,10.607886588205574
test_id2363,12.9258373809919
test_id2364,12.632648746057185
test_id2365,7.519049320745843
test_id2366,12.578473621097054
test_id2367,11.22643763869744
test_id2368,9.575884092378423
test_id2369,11.482960110694599
test_id2370,12.896100019865933
test_id2371,11.288214533921497
test_id2372,11.476177966467993
test_id2373,13.098591828857103
test_id2374,12.308125609333437
test_id2375,12.566610057177385
test_id2376,11.70017330394338
test_id2377,11.329260242980745
test_id2378,12.951597540527438
test_id2379,13.084931604593528
test_id2380,-61.1515624782122
test_id2381,12.641273308979898
test_id2382,12.227414310233776
test_id2383,12.354566964983526
test_id2384,12.81414094764802
test_id2385,11.663262227815942
test_id2386,11.865642376017696
test_id2387,12.41255215226385
test_id2388,12.60852282965326
test_id2389,13.385413766979802
test_id2390,10.934234467833328
test_id2391,11.51483616050605
test_id2392,11.235577397006885
test_id2393,12.108838393828542
test_id2394,12.840105354624505
test_id2395,13.416010106209505
test_id2396,11.436250591850296
test_id2397,12.926259864024424
test_id2398,11.295375124435388
test_id2399,10.457347969490428
test_id2400,12.634134687869036
test_id2401,10.915390893722282
test_id2402,13.719119236568211
test_id2403,10.793647738196562
test_id2404,12.790428806906228
test_id2405,12.13410354999774
test_id2406,12.33365133123916
test_id2407,14.902499113542724
test_id2408,12.69604914038731
test_id2409,12.780640969742883
test_id2410,13.01340833824009
test_id2411,11.34267828130995
test_id2412,11.643104478496149
test_id2413,11.068829306789716
test_id2414,8.277746438281646
test_id2415,13.371457876650503
test_id2416,10.304069473159295
test_id2417,13.205811415545327
test_id2418,12.264965268511048
test_id2419,10.279102440641061
test_id2420,13.188187915097117
test_id2421,11.315148662979716
test_id2422,-3.0900822134403185
test_id2423,11.430269010552948
test_id2424,11.85656518325085
test_id2425,12.286988520022497
test_id2426,12.074068856595986
test_id2427,14.068641162829032
test_id2428,13.740772165164415
test_id2429,12.870517412013932
test_id2430,11.639959465074632
test_id2431,11.021995917926702
test_id2432,13.773139704672118
test_id2433,8.430755412878902
test_id2434,11.31488949168505
test_id2435,13.170508486158901
test_id2436,11.233156234381077
test_id2437,15.368436470625575
test_id2438,12.231731378958777
test_id2439,11.2939878471512
test_id2440,11.298016490864917
test_id2441,12.47232145337123
test_id2442,13.329235518799855
test_id2443,12.97673828870036
test_id2444,10.540007962139704
test_id2445,13.337895114755106
test_id2446,11.471509476994761
test_id2447,9.742535841519818
test_id2448,9.965032077099181
test_id2449,12.744528833807074
test_id2450,12.65402939357859
test_id2451,9.327908188380029
test_id2452,12.67159895205122
test_id2453,11.269099727865829
test_id2454,12.35695790776645
test_id2455,11.100498901950232
test_id2456,11.657072263922174
test_id2457,10.266434695453846
test_id2458,10.857153152784363
test_id2459,11.016052102529663
test_id2460,12.670345334888843
test_id2461,11.690697067099755
test_id2462,11.77215221029217
test_id2463,10.895348794517453
test_id2464,12.580513309821114
test_id2465,11.34292780394933
test_id2466,12.487117132241046
test_id2467,10.371549785849432
test_id2468,12.65306406233551
test_id2469,12.954583982308982
test_id2470,12.825864508494007
test_id2471,11.769139531799503
test_id2472,12.119912715579211
test_id2473,11.050839054194213
test_id2474,12.622676643999299
test_id2475,11.22934101110463
test_id2476,12.997192779678763
test_id2477,10.782988836240257
test_id2478,13.215656573554973
test_id2479,14.17256999043213
test_id2480,12.1193037504978
test_id2481,8.768883592563853
test_id2482,13.147813427808359
test_id2483,14.707115280570505
test_id2484,11.056189786242193
test_id2485,10.529673696214076
test_id2486,11.266600902872078
test_id2487,9.932031526066432
test_id2488,13.478379231788686
test_id2489,13.346169440123795
test_id2490,12.283643045415246
test_id2491,9.288553601858467
test_id2492,12.560516514599861
test_id2493,12.880847471014427
test_id2494,11.341927300092799
test_id2495,11.541182467678304
test_id2496,12.377122743869585
test_id2497,10.50563832254732
test_id2498,10.569633985968892
test_id2499,12.432243259269391
test_id2500,12.97424641555515
test_id2501,12.182687364807983
test_id2502,13.419679907097652
test_id2503,12.54081112495114
test_id2504,8.950956884883489
test_id2505,12.69351960048828
test_id2506,12.312529537639833
test_id2507,12.842313136308825
test_id2508,11.0301121733715
test_id2509,11.129338446010458
test_id2510,11.497887020567191
test_id2511,12.406181723175742
test_id2512,11.251389502801537
test_id2513,14.648500876744144
test_id2514,12.59391242988827
test_id2515,11.453326023258946
test_id2516,12.812790252344506
test_id2517,13.221550835075462
test_id2518,10.478126619247966
test_id2519,11.426754987532995
test_id2520,12.726440432006136
test_id2521,12.86864768085092
test_id2522,-1.4753200095832497
test_id2523,11.013628279117263
test_id2524,11.28641866141809
test_id2525,10.612066961108987
test_id2526,11.852171872852814
test_id2527,11.66083168414415
test_id2528,11.020170140488197
test_id2529,12.903308171612984
test_id2530,13.706879132424895
test_id2531,11.45207067234086
test_id2532,12.327736102579436
test_id2533,11.10439293298365
test_id2534,11.303648332384064
test_id2535,11.394605037134276
test_id2536,22.699135195434287
test_id2537,11.758583989815229
test_id2538,13.668422209076446
test_id2539,11.772721379322228
test_id2540,11.693294088411456
test_id2541,12.791876379130166
test_id2542,13.22992343119762
test_id2543,12.720040247379139
test_id2544,11.69800127624844
test_id2545,12.68813927393304
test_id2546,10.08893228488639
test_id2547,12.767838481182672
test_id2548,8.32971284530047
test_id2549,10.863469459789947
test_id2550,7.549977905318364
test_id2551,9.358608757885627
test_id2552,11.311414988678706
test_id2553,10.897992169668548
test_id2554,11.431172866042068
test_id2555,12.32796777899646
test_id2556,11.730952351388773
test_id2557,11.299893336093533
test_id2558,11.522290286675599
test_id2559,11.622859183956955
test_id2560,11.86669726084697
test_id2561,12.66012716839952
test_id2562,11.781037659984051
test_id2563,7.7061321857427245
test_id2564,13.033641193836218
test_id2565,10.5613287139795
test_id2566,12.189766285360243
test_id2567,12.780851942767207
test_id2568,13.400646823458395
test_id2569,10.354867845585325
test_id2570,10.974709351965572
test_id2571,11.097745405986409
test_id2572,13.693987473490154
test_id2573,11.533622193202362
test_id2574,9.65859982756951
test_id2575,10.032880033732319
test_id2576,12.156365604130606
test_id2577,12.281596787914914
test_id2578,12.3792935007666
test_id2579,12.622505651106714
test_id2580,13.000687351622808
test_id2581,14.678946017997156
test_id2582,13.031141741598823
test_id2583,12.20373113832111
test_id2584,12.851774501832196
test_id2585,13.027488275488842
test_id2586,10.099730825935332
test_id2587,10.518856580103026
test_id2588,8.787278399221968
test_id2589,12.368978845347058
test_id2590,8.23713878011936
test_id2591,11.234469974099731
test_id2592,10.648750676304466
test_id2593,12.77991670574422
test_id2594,11.251223967640037
test_id2595,12.503892185211619
test_id2596,10.88802585405886
test_id2597,11.206748674707406
test_id2598,9.68678095262785
test_id2599,11.030454621964132
test_id2600,12.76160749505349
test_id2601,12.844501870988502
test_id2602,10.47505362842999
test_id2603,12.646366296954383
test_id2604,10.718496183789618
test_id2605,9.82254153158943
test_id2606,10.83983192003602
test_id2607,12.751289994237482
test_id2608,11.474405873649836
test_id2609,11.968925865862978
test_id2610,12.552710325697788
test_id2611,13.60649953180485
test_id2612,12.908230360546831
test_id2613,12.921946120155248
test_id2614,12.510579728111516
test_id2615,12.437226200969846
test_id2616,10.554466243093522
test_id2617,11.369694339823006
test_id2618,11.361379282666839
test_id2619,11.083822260735253
test_id2620,12.561888538359739
test_id2621,14.320548458317084
test_id2622,13.0403266072178
test_id2623,14.473022344208694
test_id2624,12.161621931554748
test_id2625,11.371377790675062
test_id2626,12.202252436403853
test_id2627,13.287938897883208
test_id2628,13.22233912839139
test_id2629,12.883118178668461
test_id2630,12.64177715450024
test_id2631,10.943912077040693
test_id2632,9.310693103423809
test_id2633,-0.2516191907076575
test_id2634,10.768179092425441
test_id2635,10.508016043617914
test_id2636,11.023297774113992
test_id2637,11.156024070023925
test_id2638,10.688354256090484
test_id2639,13.664213977044078
test_id2640,11.943864378251895
test_id2641,11.228986457731544
test_id2642,12.76181693608158
test_id2643,11.551514265785336
test_id2644,13.474484965444418
test_id2645,11.434690418728835
test_id2646,10.180640376544012
test_id2647,10.070900555379197
test_id2648,14.770805343030105
test_id2649,15.39271190144948
test_id2650,11.181527997601016
test_id2651,11.565739066384516
test_id2652,11.079961626397555
test_id2653,10.935298478202917
test_id2654,13.523440883500598
test_id2655,12.850038507856404
test_id2656,12.485793799841844
test_id2657,6.579124404295989
test_id2658,13.044277766665026
test_id2659,11.206537082798157
test_id2660,7.90027147780966
test_id2661,14.90388780180394
test_id2662,12.287076098939842
test_id2663,12.672302392767996
test_id2664,11.1033705420231
test_id2665,12.967513952400004
test_id2666,11.514711921774897
test_id2667,12.65858162225586
test_id2668,11.421920753517675
test_id2669,12.298490233327541
test_id2670,12.400821303393393
test_id2671,8.739806119458123
test_id2672,12.573472600011591
test_id2673,11.963086495114752
test_id2674,12.604404755773274
test_id2675,11.329254882410801
test_id2676,12.826494456571815
test_id2677,12.640049192030212
test_id2678,10.354728241125322
test_id2679,11.345875163705323
test_id2680,10.432067283372305
test_id2681,12.567271869091456
test_id2682,12.698971793033863
test_id2683,10.733613334046275
test_id2684,11.58847000276139
test_id2685,13.25553751016131
test_id2686,14.33529352853521
test_id2687,11.02669255103114
test_id2688,13.595493970348521
test_id2689,14.56105658621329
test_id2690,13.178368943696334
test_id2691,12.063615138174832
test_id2692,11.669717688544004
test_id2693,11.533219501604329
test_id2694,12.890266214958906
test_id2695,12.557541503830699
test_id2696,11.388039512363143
test_id2697,12.176420708714538
test_id2698,12.621942218167767
test_id2699,12.773411240019499
test_id2700,10.722412621930118
test_id2701,13.0380830197819
test_id2702,14.47382431252246
test_id2703,11.883532600165822
test_id2704,11.026246151919409
test_id2705,10.83139405632371
test_id2706,13.267460468909547
test_id2707,12.670815590479428
test_id2708,12.551601299397895
test_id2709,12.941424127441117
test_id2710,11.72814798649064
test_id2711,10.992865319340602
test_id2712,10.608696578772168
test_id2713,12.536043108967931
test_id2714,12.714065700581834
test_id2715,10.913386319954121
test_id2716,13.325876274827714
test_id2717,11.118529471968237
test_id2718,11.5857728535699
test_id2719,11.312679079781155
test_id2720,10.481579002228564
test_id2721,11.24502812926827
test_id2722,12.809689253397856
test_id2723,12.446401949045288
test_id2724,11.045903909123147
test_id2725,11.503533372945334
test_id2726,11.284647643578559
test_id2727,11.332699059691777
test_id2728,11.63750006381725
test_id2729,11.741992970763796
test_id2730,10.946436952986026
test_id2731,13.732473891937296
test_id2732,10.355104053643274
test_id2733,12.803995370037804
test_id2734,14.247129954133605
test_id2735,12.695469690191914
test_id2736,11.462104447412436
test_id2737,13.850713038693321
test_id2738,12.707753998366286
test_id2739,8.77222998671244
test_id2740,12.770545073194619
test_id2741,10.279052595263224
test_id2742,12.378988057145598
test_id2743,12.821725995573537
test_id2744,12.651732783516756
test_id2745,13.016016016645985
test_id2746,13.277886931738287
test_id2747,12.474566159841679
test_id2748,11.229027845141438
test_id2749,13.069533440243909
test_id2750,11.114005169973865
test_id2751,11.106697883368888
test_id2752,14.212757525114249
test_id2753,10.872351680134479
test_id2754,12.38179967976398
test_id2755,11.442618859984655
test_id2756,11.436369007689535
test_id2757,11.109622321393893
test_id2758,13.50275560276355
test_id2759,11.516521033239407
test_id2760,-2.891795589754274
test_id2761,10.09330607044155
test_id2762,6.379286642289863
test_id2763,10.027250306821848
test_id2764,12.927860224574069
test_id2765,11.123128640718825
test_id2766,11.497051330317497
test_id2767,12.956126076862638
test_id2768,10.895442872613678
test_id2769,13.566697997224587
test_id2770,12.88092561579176
test_id2771,12.271111637990522
test_id2772,9.646416436311718
test_id2773,13.10261701300766
test_id2774,11.148228269817302
test_id2775,10.990160101505424
test_id2776,12.084132360595802
test_id2777,13.39535457716844
test_id2778,11.30300889050158
test_id2779,8.162708677512533
test_id2780,12.311591979174018
test_id2781,13.284417520396879
test_id2782,11.352211664475114
test_id2783,12.90377142497217
test_id2784,12.732479253030242
test_id2785,12.514695567617046
test_id2786,9.980458526678468
test_id2787,12.82834354130835
test_id2788,12.95041100423115
test_id2789,12.76413015651972
test_id2790,9.153993328333506
test_id2791,11.577315222953501
test_id2792,12.899773666034513
test_id2793,10.823968014902654
test_id2794,10.26378975727679
test_id2795,11.340473625544668
test_id2796,12.90501791384586
test_id2797,12.833401422848588
test_id2798,13.009825233316796
test_id2799,12.361405284134271
test_id2800,13.035656141633716
test_id2801,14.450624411813159
test_id2802,12.368140921974671
test_id2803,14.676581625400907
test_id2804,11.483005716748998
test_id2805,12.493412113082151
test_id2806,10.668286309121527
test_id2807,12.703705399300894
test_id2808,10.508056616479045
test_id2809,10.48290964452378
test_id2810,10.869926157418568
test_id2811,9.849785305178614
test_id2812,11.762663790743453
test_id2813,12.806348699385353
test_id2814,13.006968224111425
test_id2815,12.300634495962576
test_id2816,12.666328038526437
test_id2817,11.936394835771416
test_id2818,11.412156113523075
test_id2819,12.165346865207304
test_id2820,13.271941866351064
test_id2821,12.260620765322251
test_id2822,10.461934890084073
test_id2823,12.72188634209467
test_id2824,11.019899886566598
test_id2825,12.66472083539724
test_id2826,10.738257682471264
test_id2827,10.001552182068494
test_id2828,12.278604761578485
test_id2829,11.30712538873292
test_id2830,12.614346094582835
test_id2831,10.707201586779341
test_id2832,12.663718192719422
test_id2833,12.60706712788734
test_id2834,11.416961503184822
test_id2835,12.634732828771355
test_id2836,10.342216573778238
test_id2837,12.738585160621668
test_id2838,15.320054667523188
test_id2839,10.98298305433574
test_id2840,10.970695150827446
test_id2841,10.702583196088433
test_id2842,11.420293312125644
test_id2843,10.870686471390478
test_id2844,13.06078363785668
test_id2845,11.2348495796004
test_id2846,11.151068695506261
test_id2847,11.28062419004241
test_id2848,11.535140197013327
test_id2849,11.096662827109746
test_id2850,11.331119753640102
test_id2851,12.51977032453943
test_id2852,10.405415235183504
test_id2853,10.836218310219998
test_id2854,11.143034665999714
test_id2855,9.448965129478502
test_id2856,1.6182335568554649
test_id2857,10.063810736493359
test_id2858,10.483095128933812
test_id2859,11.393620926265974
test_id2860,11.694064175682463
test_id2861,10.146705484399725
test_id2862,12.407305192220484
test_id2863,11.207485693285143
test_id2864,10.96278341133614
test_id2865,11.553545472880465
test_id2866,12.58538472281122
test_id2867,11.520515476138726
test_id2868,11.07806671477406
test_id2869,10.53645415837584
test_id2870,12.552045909695174
test_id2871,12.69922196256362
test_id2872,12.460245462977191
test_id2873,13.589922552742884
test_id2874,11.263135993813059
test_id2875,11.718860004706634
test_id2876,11.079940019039206
test_id2877,12.52364368795461
test_id2878,12.972703229424212
test_id2879,10.647929233464772
test_id2880,12.792337745942206
test_id2881,11.010596472898051
test_id2882,10.954757971630869
test_id2883,8.812940200141973
test_id2884,12.655564044502789
test_id2885,11.014637218060905
test_id2886,11.835518154911092
test_id2887,10.966283463572246
test_id2888,12.765064864182655
test_id2889,17.070457566965054
test_id2890,12.892720779420628
test_id2891,12.877876053644151
test_id2892,11.704699310550062
test_id2893,12.69463161806933
test_id2894,12.12535051178424
test_id2895,10.986081020106703
test_id2896,11.742562507309536
test_id2897,11.209844724799474
test_id2898,10.305122966671362
test_id2899,10.708862130332427
test_id2900,12.665976914814756
test_id2901,10.65892581855087
test_id2902,11.539395240520129
test_id2903,10.463983407514583
test_id2904,9.617074021025388
test_id2905,9.89061479619614
test_id2906,12.629830219825486
test_id2907,12.518571539780389
test_id2908,12.839952621823194
test_id2909,11.279131854681502
test_id2910,11.123087504347815
test_id2911,10.791150128592264
test_id2912,11.487225489675005
test_id2913,11.279966936452212
test_id2914,11.378823397962115
test_id2915,12.959630303286453
test_id2916,12.643564139463315
test_id2917,13.39204911341141
test_id2918,11.628534910464516
test_id2919,11.13257197879107
test_id2920,12.73422384768191
test_id2921,12.354382723859153
test_id2922,12.722500237503546
test_id2923,10.302530724990767
test_id2924,11.393887115522098
test_id2925,12.185888747493486
test_id2926,11.414122969591403
test_id2927,7.762050150348593
test_id2928,12.774246456586205
test_id2929,12.766131368127994
test_id2930,10.957590389010683
test_id2931,12.664035955039516
test_id2932,12.475053692023003
test_id2933,12.197279548862348
test_id2934,9.683671056684787
test_id2935,11.072846586183367
test_id2936,9.398662021747192
test_id2937,12.696424541076787
test_id2938,10.951146865147471
test_id2939,12.59772175371208
test_id2940,10.379282178097284
test_id2941,13.000896024837623
test_id2942,14.507449771083031
test_id2943,11.087689832295943
test_id2944,12.170995282056516
test_id2945,12.65620059158558
test_id2946,11.94126215086478
test_id2947,11.479531555744124
test_id2948,12.173753892773455
test_id2949,11.362088476484267
test_id2950,11.169275146249724
test_id2951,11.522387631765646
test_id2952,11.521302657677388
test_id2953,11.546535478974363
test_id2954,9.051772543831227
test_id2955,8.277548748263648
test_id2956,11.412881554421169
test_id2957,12.538734329599976
test_id2958,11.166468442621813
test_id2959,12.926710196506214
test_id2960,10.997052447799085
test_id2961,11.77694175919438
test_id2962,12.58960069487906
test_id2963,11.257097117669595
test_id2964,14.45999953572069
test_id2965,11.364867115589988
test_id2966,12.042085630857308
test_id2967,12.554957660323389
test_id2968,11.372933666895598
test_id2969,11.843715230395823
test_id2970,12.78808895127166
test_id2971,12.293119708737045
test_id2972,10.161789089698921
test_id2973,12.181878806059693
test_id2974,6.722180578526391
test_id2975,12.564824048485967
test_id2976,13.055696973566626
test_id2977,12.781365016863226
test_id2978,9.812338506444021
test_id2979,10.972718246814686
test_id2980,10.895068911202884
test_id2981,11.539703631075419
test_id2982,10.178310694822422
test_id2983,13.383390060564203
test_id2984,11.118445830067778
test_id2985,12.699464184020336
test_id2986,11.511158878377024
test_id2987,12.083134204287667
test_id2988,12.458857455660372
test_id2989,12.652899049835902
test_id2990,11.959690553282215
test_id2991,10.790169779586364
test_id2992,12.264583526642987
test_id2993,12.296943879540457
test_id2994,11.13526654322785
test_id2995,10.280296014952093
test_id2996,12.039605856457491
test_id2997,10.829769914326704
test_id2998,12.684905394797966
test_id2999,10.931010029981273
test_id3000,12.677639030598165
test_id3001,13.237233336971059
test_id3002,13.628119327420329
test_id3003,12.054641331837168
test_id3004,12.116535908702012
test_id3005,12.861154364276736
test_id3006,13.274420218275857
test_id3007,12.9138493898922
test_id3008,7.807647485742898
test_id3009,12.849849509508559
test_id3010,9.391362584153221
test_id3011,13.588354358131582
test_id3012,11.667517617709102
test_id3013,11.454408010609576
test_id3014,12.514924221062849
test_id3015,12.590169236117681
test_id3016,12.7482631397081
test_id3017,11.957368066452787
test_id3018,10.468930370844824
test_id3019,9.591329769937424
test_id3020,10.471488661526344
test_id3021,11.78709148351519
test_id3022,12.510469324958414
test_id3023,10.704241014998296
test_id3024,13.000270483016912
test_id3025,5.98464094650685
test_id3026,12.706114788281482
test_id3027,11.258724251502144
test_id3028,12.63038620547784
test_id3029,11.289033670763608
test_id3030,12.961800315926105
test_id3031,12.121598644813808
test_id3032,10.703312292326551
test_id3033,11.272337473639446
test_id3034,12.951009155142856
test_id3035,12.676702602092796
test_id3036,12.29439144431472
test_id3037,10.80649236188345
test_id3038,11.690635505226815
test_id3039,11.5137557593943
test_id3040,11.714524937015163
test_id3041,12.568197556942359
test_id3042,11.480184120294005
test_id3043,12.957397702687437
test_id3044,10.95505336706045
test_id3045,12.728589255694722
test_id3046,10.832043954836756
test_id3047,11.387454276133802
test_id3048,12.321377496785722
test_id3049,10.900577803219278
test_id3050,11.315175535860256
test_id3051,11.509967780313374
test_id3052,11.683780197566854
test_id3053,11.241140199153953
test_id3054,11.681550232317939
test_id3055,11.236922425596042
test_id3056,12.769707487723657
test_id3057,14.823149467743072
test_id3058,3.195644283898048
test_id3059,13.35492270482704
test_id3060,11.446270564112119
test_id3061,10.91192119723091
test_id3062,11.31256373136788
test_id3063,12.811180680239097
test_id3064,11.301506202860963
test_id3065,11.175528015994722
test_id3066,11.008062395883996
test_id3067,10.763238037438704
test_id3068,11.191700221049977
test_id3069,10.43290277838883
test_id3070,12.317262556748723
test_id3071,11.35441604650994
test_id3072,11.239866929172543
test_id3073,12.31699295575153
test_id3074,11.85729561460925
test_id3075,12.370714528088946
test_id3076,10.901897987881476
test_id3077,11.741907031504432
test_id3078,10.92956771625068
test_id3079,12.016221246633428
test_id3080,12.16700164342948
test_id3081,12.566334887335522
test_id3082,11.47224138161102
test_id3083,12.92778548399928
test_id3084,10.78922400955252
test_id3085,12.712199051275405
test_id3086,11.670294877890647
test_id3087,13.273705341803328
test_id3088,13.393265205088987
test_id3089,10.642211186280456
test_id3090,11.09670289316498
test_id3091,15.111287619647037
test_id3092,10.458358449152264
test_id3093,12.872895145325764
test_id3094,11.072254830126276
test_id3095,11.751248391627726
test_id3096,13.04753806333077
test_id3097,13.241462416624032
test_id3098,11.00176006851239
test_id3099,12.972162602624387
test_id3100,13.41293838732932
test_id3101,12.757318809455064
test_id3102,11.728028655261248
test_id3103,6.9281783912848525
test_id3104,13.548218765928489
test_id3105,9.441572582101237
test_id3106,13.855518504495173
test_id3107,12.935176602617553
test_id3108,12.240899487614364
test_id3109,12.820512449866897
test_id3110,9.996797781054497
test_id3111,12.874910692182205
test_id3112,13.00926670502296
test_id3113,11.038342308598466
test_id3114,12.145041313001265
test_id3115,12.552894755658834
test_id3116,11.395265602483072
test_id3117,15.281323901651852
test_id3118,12.689440775804975
test_id3119,10.441980574762702
test_id3120,12.708692437148123
test_id3121,10.934395146968974
test_id3122,11.472922796480894
test_id3123,12.908153667300994
test_id3124,11.606421519047025
test_id3125,9.492171609974328
test_id3126,14.70292347378512
test_id3127,9.833215762730525
test_id3128,12.659841525004602
test_id3129,9.906146226552131
test_id3130,12.568337370150402
test_id3131,12.483666498095268
test_id3132,10.747631890010418
test_id3133,9.941943124268
test_id3134,12.397985135640475
test_id3135,11.701583476945991
test_id3136,11.792217283075694
test_id3137,10.673314176030892
test_id3138,12.325161321418854
test_id3139,12.913614143839034
test_id3140,12.640650024667416
test_id3141,10.55367931811302
test_id3142,13.0939841139515
test_id3143,10.576227395783683
test_id3144,9.857082961448775
test_id3145,10.720773136697488
test_id3146,12.888860712003044
test_id3147,10.576136367016815
test_id3148,12.689342544914673
test_id3149,10.888091032516407
test_id3150,11.421549389283065
test_id3151,12.791114141619637
test_id3152,12.521642798249907
test_id3153,13.40510343811443
test_id3154,11.084796881719903
test_id3155,12.807295817631406
test_id3156,13.39978093154506
test_id3157,12.63104436217482
test_id3158,11.075939736937507
test_id3159,12.897667095284895
test_id3160,9.42387330427119
test_id3161,12.850064984237058
test_id3162,12.664778159193524
test_id3163,11.548533969130652
test_id3164,10.561093289577826
test_id3165,12.264046792855204
test_id3166,10.937068287111387
test_id3167,11.37066676812595
test_id3168,12.890247428791817
test_id3169,10.427842576323307
test_id3170,11.256088450708212
test_id3171,11.362445472600768
test_id3172,12.9269695845611
test_id3173,10.186494399992988
test_id3174,10.666155113765797
test_id3175,11.277015753976023
test_id3176,11.681123129530974
test_id3177,10.536366435546853
test_id3178,10.392117522035214
test_id3179,11.681401536939383
test_id3180,12.20439476099127
test_id3181,10.899747987118353
test_id3182,13.265542520038558
test_id3183,12.320470354719895
test_id3184,13.736705099452749
test_id3185,12.822388088993435
test_id3186,11.852086872194981
test_id3187,11.523383157405675
test_id3188,10.323448628216546
test_id3189,10.886097089062467
test_id3190,12.997246842652643
test_id3191,12.213413694850694
test_id3192,10.892435240436491
test_id3193,11.43474693225626
test_id3194,12.999419126291237
test_id3195,12.746585721648252
test_id3196,11.615188513249585
test_id3197,13.478495579206474
test_id3198,10.815292421436943
test_id3199,11.360974947689499
test_id3200,9.659335188995932
test_id3201,12.305323815044481
test_id3202,12.748068741397873
test_id3203,9.095934564580325
test_id3204,13.55180255032402
test_id3205,13.516308711668188
test_id3206,10.939363311724797
test_id3207,11.23985598490082
test_id3208,12.602751191389522
test_id3209,9.96846281407236
test_id3210,13.396823247945427
test_id3211,12.578661939846732
test_id3212,14.839202230882925
test_id3213,10.939013985028105
test_id3214,11.530470617679327
test_id3215,11.47427754969403
test_id3216,11.084930242457496
test_id3217,12.761861116353494
test_id3218,12.53784846466484
test_id3219,12.701797132724572
test_id3220,10.099005490885297
test_id3221,10.995630186538797
test_id3222,11.262084082488961
test_id3223,10.73505328638609
test_id3224,11.64337783966139
test_id3225,13.034498453301488
test_id3226,10.829298449392688
test_id3227,11.70115626084155
test_id3228,14.72999655968713
test_id3229,10.53345231196468
test_id3230,12.325985540313575
test_id3231,10.62268303397692
test_id3232,11.023930573463936
test_id3233,11.027102041566266
test_id3234,11.8479037538226
test_id3235,12.22624484503897
test_id3236,12.113395966552751
test_id3237,10.684934568814569
test_id3238,16.93561547316157
test_id3239,12.909782474966512
test_id3240,12.800391782938327
test_id3241,10.999176242969618
test_id3242,11.193347055741889
test_id3243,13.295765396264507
test_id3244,13.66079216068352
test_id3245,14.680591413956343
test_id3246,11.510897984185824
test_id3247,12.873774322826797
test_id3248,12.329609699182875
test_id3249,12.912538446624986
test_id3250,9.164307808139831
test_id3251,10.951924465357585
test_id3252,13.058894299589547
test_id3253,10.522116492825837
test_id3254,11.66231920373783
test_id3255,9.50724451797172
test_id3256,12.772060138891625
test_id3257,10.144537947910159
test_id3258,10.687686481526704
test_id3259,10.145138293680127
test_id3260,11.947642153228095
test_id3261,9.737914214639233
test_id3262,13.717802836192448
test_id3263,12.700741000828806
test_id3264,13.648714824185696
test_id3265,12.458297433504391
test_id3266,11.840877247168358
test_id3267,11.798056131502939
test_id3268,11.971521816617745
test_id3269,11.345817215856947
test_id3270,11.340320155067225
test_id3271,11.438065450767546
test_id3272,12.38488172767103
test_id3273,12.112326384729705
test_id3274,7.349582984385584
test_id3275,11.145514540111272
test_id3276,12.828311455423794
test_id3277,11.880186589671787
test_id3278,8.044902486158975
test_id3279,12.61615595230814
test_id3280,11.0075089987605
test_id3281,13.318250992528284
test_id3282,12.246043085772207
test_id3283,10.959620337442168
test_id3284,10.561822180152774
test_id3285,8.551733697463696
test_id3286,13.619653306387512
test_id3287,11.234762276631301
test_id3288,12.731924541822998
test_id3289,12.13253421986117
test_id3290,11.653893670851055
test_id3291,12.33521647704017
test_id3292,11.513158557010549
test_id3293,11.028214963556884
test_id3294,12.77578927722005
test_id3295,12.66951707273072
test_id3296,8.267873804603305
test_id3297,12.666981507724621
test_id3298,11.221629447551116
test_id3299,11.442197939422279
test_id3300,12.125074070782425
test_id3301,12.75160793178231
test_id3302,12.638033886515863
test_id3303,10.995561455798388
test_id3304,13.003481035982624
test_id3305,8.869801497162136
test_id3306,12.590330072526378
test_id3307,11.516140038652445
test_id3308,12.721856809117348
test_id3309,12.370062199697095
test_id3310,12.08500162961976
test_id3311,10.654579780505308
test_id3312,12.670363801699004
test_id3313,10.74772774897972
test_id3314,12.760821879321803
test_id3315,11.580574059373241
test_id3316,11.502688130459362
test_id3317,11.089031933851253
test_id3318,5.8635719527562955
test_id3319,12.317340916923662
test_id3320,12.88359252881537
test_id3321,11.267776513563959
test_id3322,10.276030034125291
test_id3323,11.473179749169908
test_id3324,10.974760697512728
test_id3325,11.425990372782493
test_id3326,12.3700855838185
test_id3327,11.25955450538165
test_id3328,10.197754054653181
test_id3329,13.171366278801749
test_id3330,12.9316991159424
test_id3331,10.798280821491254
test_id3332,11.494099205241177
test_id3333,12.099933825076569
test_id3334,12.55512738769719
test_id3335,10.900454855233
test_id3336,14.233782354141304
test_id3337,10.579524855279537
test_id3338,10.120263320051386
test_id3339,12.564144096912266
test_id3340,12.939750977365897
test_id3341,11.827681919862421
test_id3342,11.392948933480973
test_id3343,12.566942323367513
test_id3344,9.594828789726883
test_id3345,13.577274214248739
test_id3346,12.954738181018463
test_id3347,10.928557180499858
test_id3348,9.861881990333124
test_id3349,10.956448345107653
test_id3350,13.534229031122528
test_id3351,10.08782063062349
test_id3352,10.897524981067527
test_id3353,12.90192541036894
test_id3354,11.762041284732597
test_id3355,11.37770014129702
test_id3356,13.514538085418614
test_id3357,12.778560851910093
test_id3358,11.650090306425533
test_id3359,11.020381940836884
test_id3360,13.17494388120732
test_id3361,11.757032618343878
test_id3362,9.861901070421958
test_id3363,11.682253506756531
test_id3364,12.689343115271264
test_id3365,11.943288333815438
test_id3366,14.74573817957232
test_id3367,11.006511840891633
test_id3368,12.537596530757789
test_id3369,12.740982701547672
test_id3370,11.892505236812035
test_id3371,11.086594184467451
test_id3372,13.102086661440673
test_id3373,12.226108557937017
test_id3374,13.68852308050473
test_id3375,12.468378005986118
test_id3376,11.207616673164502
test_id3377,10.529961891631771
test_id3378,13.282328921171619
test_id3379,5.765442015640311
test_id3380,11.760688109532275
test_id3381,12.649519400772029
test_id3382,8.894803958433307
test_id3383,11.387054427968913
test_id3384,12.089976839056966
test_id3385,10.316319149552122
test_id3386,11.209569060118888
test_id3387,13.36394247774465
test_id3388,13.255271150844926
test_id3389,10.865564925725117
test_id3390,12.882632172033901
test_id3391,11.111221271369239
test_id3392,12.884750452309156
test_id3393,11.81508053909291
test_id3394,11.249704138927285
test_id3395,11.71676438483481
test_id3396,12.665999302305103
test_id3397,12.357224950471668
test_id3398,13.214367348875335
test_id3399,11.166465780316713
test_id3400,13.618979746708185
test_id3401,10.696453163630473
test_id3402,12.954706131357561
test_id3403,11.184362008037184
test_id3404,9.873330924698998
test_id3405,8.89245669654317
test_id3406,12.280567318477914
test_id3407,12.597922598593932
test_id3408,12.371298130842483
test_id3409,12.770575433344241
test_id3410,13.01385050990509
test_id3411,12.833460533917666
test_id3412,12.434159859601024
test_id3413,8.990561921147183
test_id3414,12.619220258062931
test_id3415,10.448043643475522
test_id3416,12.98116657684674
test_id3417,11.310203682280623
test_id3418,7.922435121530732
test_id3419,12.94919122938773
test_id3420,12.238706313776468
test_id3421,12.056970002955616
test_id3422,13.011045179377945
test_id3423,12.358381677333803
test_id3424,12.64678176430099
test_id3425,11.334074696189766
test_id3426,13.635352429444445
test_id3427,10.916254821629714
test_id3428,2.621171787870246
test_id3429,13.30917051848612
test_id3430,13.050399104858137
test_id3431,11.560715565486738
test_id3432,12.266190329973007
test_id3433,11.137498367436514
test_id3434,11.326680325891836
test_id3435,12.711457693699401
test_id3436,12.275364678958148
test_id3437,12.720960609475533
test_id3438,9.85306139296911
test_id3439,12.950212327576232
test_id3440,11.353707085923268
test_id3441,13.71183709428059
test_id3442,13.356226683776178
test_id3443,8.922188253699908
test_id3444,12.39428694689851
test_id3445,12.971592468864365
test_id3446,10.629832322853915
test_id3447,11.763829370129535
test_id3448,9.909295281008973
test_id3449,12.64257884096397
test_id3450,11.105773799470349
test_id3451,12.705967306602254
test_id3452,14.681674364138424
test_id3453,13.593787378024864
test_id3454,10.68783570473667
test_id3455,10.919667165127414
test_id3456,10.838476931818228
test_id3457,13.69056606035155
test_id3458,12.298829767714302
test_id3459,10.910864515873946
test_id3460,12.41126141385265
test_id3461,12.567640497024925
test_id3462,11.461106271433302
test_id3463,11.313717999929416
test_id3464,12.918649056977138
test_id3465,13.038556257126366
test_id3466,13.606495068227652
test_id3467,12.781761082236635
test_id3468,11.3263733037573
test_id3469,10.46761653980466
test_id3470,10.979115293921232
test_id3471,11.114752416808386
test_id3472,11.499553029721774
test_id3473,11.738820666837647
test_id3474,11.509049730085124
test_id3475,12.886682442689526
test_id3476,12.763747319621167
test_id3477,11.318190935524562
test_id3478,10.03136531245353
test_id3479,13.082885382602093
test_id3480,10.6454920668926
test_id3481,11.237157221863825
test_id3482,11.135979687415293
test_id3483,10.706380916124367
test_id3484,13.433218235783748
test_id3485,10.70481276255142
test_id3486,11.096274870533058
test_id3487,12.39726068753324
test_id3488,11.945197866280544
test_id3489,12.11888501375855
test_id3490,12.199954859220632
test_id3491,10.008975609999354
test_id3492,11.549951557927763
test_id3493,11.102734611634354
test_id3494,11.604724286914937
test_id3495,12.841468742972701
test_id3496,12.831376183469395
test_id3497,11.419751372928395
test_id3498,11.235524267377286
test_id3499,9.284917471538257
test_id3500,10.871023656637412
test_id3501,11.070777180399496
test_id3502,12.425713339478314
test_id3503,12.9909936335144
test_id3504,11.470943509358754
test_id3505,12.180521119419147
test_id3506,10.88762854783176
test_id3507,10.523572868809673
test_id3508,13.593151080835277
test_id3509,11.170719195795613
test_id3510,13.77745893357178
test_id3511,11.740189082347818
test_id3512,11.647659235750872
test_id3513,12.48068969578177
test_id3514,11.308713349142614
test_id3515,11.779633675479495
test_id3516,11.131641641971548
test_id3517,13.100146578933852
test_id3518,12.094235862925451
test_id3519,10.923906969340528
test_id3520,12.543543632291808
test_id3521,12.840972425857295
test_id3522,12.89112392551177
test_id3523,9.727741390434055
test_id3524,13.581556350438284
test_id3525,12.537953258554374
test_id3526,10.567773303445342
test_id3527,11.105236306353007
test_id3528,3.394838787112512
test_id3529,12.382790709486635
test_id3530,12.96110211807433
test_id3531,11.382198161654316
test_id3532,10.078674432500996
test_id3533,10.895703743576938
test_id3534,11.077352397866143
test_id3535,15.147389711076833
test_id3536,11.771027516695852
test_id3537,12.352715509287897
test_id3538,8.766947836535373
test_id3539,12.925199593996147
test_id3540,7.988109023460147
test_id3541,13.70384752966853
test_id3542,11.293642589595343
test_id3543,9.242258178671953
test_id3544,12.592224348780995
test_id3545,14.452947899303844
test_id3546,12.711748124291418
test_id3547,12.786086372583021
test_id3548,12.657433831749145
test_id3549,12.913789283469349
test_id3550,11.372369132571933
test_id3551,11.95417576193919
test_id3552,11.755107778235264
test_id3553,10.378511480474785
test_id3554,11.464837473871015
test_id3555,11.759264810567394
test_id3556,11.40046133264476
test_id3557,12.694642988824235
test_id3558,12.731908848796088
test_id3559,11.07120049130257
test_id3560,11.070629095868135
test_id3561,11.201911894801022
test_id3562,11.709751387889206
test_id3563,11.423115358057608
test_id3564,10.584518224196252
test_id3565,10.182165898536674
test_id3566,10.129411407083317
test_id3567,12.48348035244694
test_id3568,10.88262995381016
test_id3569,9.905976492257146
test_id3570,11.683700019892932
test_id3571,11.332441803889857
test_id3572,12.682644708235976
test_id3573,10.80972429677324
test_id3574,12.053771487617624
test_id3575,8.40493675407793
test_id3576,11.328220135837562
test_id3577,10.897628436689551
test_id3578,13.657286397378009
test_id3579,12.82861098534267
test_id3580,11.49195891041601
test_id3581,12.292741489274306
test_id3582,11.50549852974381
test_id3583,12.02816365695616
test_id3584,10.977130300681473
test_id3585,13.028661884235213
test_id3586,12.265498018249325
test_id3587,13.383358902110295
test_id3588,10.713298535468773
test_id3589,11.961777491241627
test_id3590,12.941509565070724
test_id3591,10.658519965019444
test_id3592,11.32344808172622
test_id3593,10.262460897584099
test_id3594,12.74003143674404
test_id3595,9.016627185922985
test_id3596,12.861869860532401
test_id3597,11.560082147013865
test_id3598,12.513924362305481
test_id3599,12.53924745733029
test_id3600,10.226097421589422
test_id3601,13.076662251345063
test_id3602,12.388915197085502
test_id3603,13.30785963668422
test_id3604,11.174935601245764
test_id3605,12.367675785112262
test_id3606,11.182678315657789
test_id3607,13.518031162217888
test_id3608,13.074854244043955
test_id3609,11.33252552671761
test_id3610,12.773241706537881
test_id3611,12.343314788251234
test_id3612,12.828548122203905
test_id3613,12.81188944207242
test_id3614,11.642024192941307
test_id3615,14.10936849472268
test_id3616,11.053900747759918
test_id3617,13.1751256528378
test_id3618,11.229044214848422
test_id3619,11.05889804174084
test_id3620,11.756830218437962
test_id3621,11.331089289136962
test_id3622,10.729739755212002
test_id3623,11.557917868739061
test_id3624,12.01211828259953
test_id3625,10.722235228171762
test_id3626,13.334418135470848
test_id3627,9.344461735714113
test_id3628,12.052426580751636
test_id3629,11.964414581697397
test_id3630,11.801648068693673
test_id3631,12.735042407645246
test_id3632,10.904910564560716
test_id3633,13.58043725006069
test_id3634,10.927767764304939
test_id3635,11.074029298909466
test_id3636,10.244011805242302
test_id3637,9.664402646843122
test_id3638,11.795945798893719
test_id3639,13.381696870442916
test_id3640,10.439899134833233
test_id3641,12.93856919052778
test_id3642,12.66530364358168
test_id3643,10.046939183629213
test_id3644,13.549066290052515
test_id3645,12.712674801838432
test_id3646,12.176901088650474
test_id3647,9.525184478133276
test_id3648,11.13719775420325
test_id3649,13.679104754383921
test_id3650,13.11072022253726
test_id3651,9.883944618025858
test_id3652,12.583774730988829
test_id3653,-10.803970607919872
test_id3654,11.700784923796412
test_id3655,11.054022351112486
test_id3656,9.228135116097995
test_id3657,11.89148184575425
test_id3658,11.127015934298278
test_id3659,11.596738818637931
test_id3660,13.016594242629075
test_id3661,10.702389013211118
test_id3662,6.991098157787427
test_id3663,13.169519615640503
test_id3664,11.132269909265226
test_id3665,11.248006957727362
test_id3666,13.2862673803889
test_id3667,9.967606598241268
test_id3668,12.670400043138393
test_id3669,11.663203624357386
test_id3670,6.293112302610361
test_id3671,10.880634323356226
test_id3672,11.031838866882659
test_id3673,12.241375608852728
test_id3674,12.574823560142029
test_id3675,11.756185749323869
test_id3676,12.11183760228473
test_id3677,11.406062062267615
test_id3678,13.01474452660046
test_id3679,12.939770778383654
test_id3680,10.601476918660502
test_id3681,13.364335240960934
test_id3682,13.273709695514988
test_id3683,10.014987524111348
test_id3684,13.486715684029072
test_id3685,11.67003820525047
test_id3686,12.642258778215002
test_id3687,12.57693633596638
test_id3688,14.804226676471337
test_id3689,11.499983658328937
test_id3690,17.632713479548975
test_id3691,12.542143663975828
test_id3692,10.711832438269653
test_id3693,12.733010931026946
test_id3694,10.213407556286597
test_id3695,3.50409760031706
test_id3696,10.701629820844943
test_id3697,10.415573101779351
test_id3698,12.740721541446312
test_id3699,10.391310362995618
test_id3700,11.496497984176706
test_id3701,11.299656238733178
test_id3702,6.761835966167176
test_id3703,10.976334839324998
test_id3704,10.503106626204044
test_id3705,11.850353605271906
test_id3706,10.766653347749575
test_id3707,13.244495289581089
test_id3708,10.780676302437975
test_id3709,10.550402272547885
test_id3710,2.808645735880255
test_id3711,12.529703662442444
test_id3712,10.383338288503147
test_id3713,13.625606335310145
test_id3714,11.522818384758892
test_id3715,10.552583273829107
test_id3716,11.512644565518542
test_id3717,11.644784594469293
test_id3718,11.261767001966334
test_id3719,10.893109274725354
test_id3720,12.336888585942667
test_id3721,12.299004085473022
test_id3722,11.011060353434864
test_id3723,13.015939621732024
test_id3724,13.048933599663954
test_id3725,10.402627668323937
test_id3726,11.393120057061502
test_id3727,12.37391325714281
test_id3728,12.380380408133341
test_id3729,11.34052802184538
test_id3730,11.50237224294245
test_id3731,13.083056324039191
test_id3732,12.928006264774517
test_id3733,11.285213685235753
test_id3734,11.205072422175228
test_id3735,12.608944937204221
test_id3736,13.464535660251933
test_id3737,11.022819730552172
test_id3738,12.965589199939295
test_id3739,12.369142547760454
test_id3740,11.71196391306983
test_id3741,11.628778518976993
test_id3742,10.928098385852884
test_id3743,10.995651706203013
test_id3744,11.52112858535046
test_id3745,12.724552991997221
test_id3746,0.059428032865646685
test_id3747,12.763299809849485
test_id3748,12.822137005544782
test_id3749,13.086920126031167
test_id3750,11.37558392097462
test_id3751,11.04468255342757
test_id3752,12.232519534448748
test_id3753,12.501217345642154
test_id3754,11.382495377295243
test_id3755,10.741635111744976
test_id3756,12.090982814240476
test_id3757,10.185496169203525
test_id3758,12.531442981219591
test_id3759,12.539320211994486
test_id3760,12.717688816638734
test_id3761,13.085781570896565
test_id3762,12.719440839814958
test_id3763,10.284851005985281
test_id3764,7.289279086825864
test_id3765,11.683860636890792
test_id3766,11.597993047426165
test_id3767,12.721123541089902
test_id3768,11.323000289903128
test_id3769,13.480774831060607
test_id3770,10.766993630318275
test_id3771,12.806050685815059
test_id3772,12.66900289742123
test_id3773,11.969893460633962
test_id3774,12.680401787596061
test_id3775,13.128449623081096
test_id3776,10.929299600582738
test_id3777,12.72928832324731
test_id3778,11.057872738735306
test_id3779,11.1607938277482
test_id3780,13.571064098617171
test_id3781,11.97762261133888
test_id3782,11.116228582983432
test_id3783,11.117664345426356
test_id3784,5.019705811831827
test_id3785,11.580960314841178
test_id3786,12.568115749225633
test_id3787,11.071913090677427
test_id3788,12.198463563739686
test_id3789,12.856416773355129
test_id3790,12.547126708056645
test_id3791,13.169107262054375
test_id3792,11.473506083714653
test_id3793,12.2215250360507
test_id3794,12.405543899663407
test_id3795,10.06573147816757
test_id3796,12.664599515603221
test_id3797,12.963349602232931
test_id3798,11.46126128109519
test_id3799,8.463181641306853
test_id3800,11.28786541872136
test_id3801,12.399389800626231
test_id3802,14.406091330604447
test_id3803,12.099817617661635
test_id3804,11.703409610469457
test_id3805,12.993238804518356
test_id3806,11.144554383665643
test_id3807,12.572507505647614
test_id3808,11.700901314786549
test_id3809,9.446884316906441
test_id3810,12.642407821703863
test_id3811,12.12740694304405
test_id3812,11.74801759480885
test_id3813,11.23780433265086
test_id3814,11.403356599102437
test_id3815,11.82842920013551
test_id3816,11.514475968685026
test_id3817,13.509337767854277
test_id3818,11.891589995293486
test_id3819,8.750953377514954
test_id3820,11.961631466780112
test_id3821,14.300421828945908
test_id3822,10.957427032308765
test_id3823,7.846400695347548
test_id3824,11.306162122289699
test_id3825,10.515692490515256
test_id3826,10.696426265427654
test_id3827,12.59832985910321
test_id3828,11.753903189140125
test_id3829,9.91793039488973
test_id3830,12.62487034990476
test_id3831,11.623409140948361
test_id3832,12.740531863930293
test_id3833,11.806512742644138
test_id3834,11.232752080126367
test_id3835,11.24739991580514
test_id3836,13.164814966709052
test_id3837,11.968265106925948
test_id3838,10.932293197911513
test_id3839,12.417890107374326
test_id3840,12.896568156108536
test_id3841,12.415027569403016
test_id3842,12.311119496384485
test_id3843,10.596515561822606
test_id3844,12.276839766577659
test_id3845,12.516571652729418
test_id3846,12.283031508112565
test_id3847,12.881577141455985
test_id3848,12.834600008832133
test_id3849,10.983948426026672
test_id3850,3.901215283216125
test_id3851,6.276079700325006
test_id3852,11.543004068199352
test_id3853,9.311165694688945
test_id3854,9.988541308060398
test_id3855,-3.7168582987597674
test_id3856,12.507341037674294
test_id3857,11.043954329798503
test_id3858,12.729318462994478
test_id3859,12.812202674525608
test_id3860,12.540255339405583
test_id3861,11.123966560275157
test_id3862,8.341415355545067
test_id3863,10.961412640881768
test_id3864,11.13287615629968
test_id3865,10.75889087946154
test_id3866,12.773419287688633
test_id3867,10.540389615777428
test_id3868,11.726452559100387
test_id3869,11.695699945968194
test_id3870,12.842294343322173
test_id3871,10.991824563197703
test_id3872,10.311807951509621
test_id3873,11.047113340965048
test_id3874,11.366741935330474
test_id3875,12.919126301219329
test_id3876,11.1792655972637
test_id3877,12.406289522813744
test_id3878,13.176204039919547
test_id3879,10.91105738423402
test_id3880,11.325796573361679
test_id3881,10.561342300973926
test_id3882,11.14402925226782
test_id3883,11.765434153247249
test_id3884,11.647589277960996
test_id3885,9.918509205012704
test_id3886,11.041974650340443
test_id3887,12.704898288685833
test_id3888,12.730201873725967
test_id3889,11.770644981691753
test_id3890,12.367144281755081
test_id3891,10.951247793317414
test_id3892,12.652837575860687
test_id3893,12.789498175061034
test_id3894,12.825528892248471
test_id3895,12.312660296358793
test_id3896,13.36494597733273
test_id3897,12.800931715989044
test_id3898,9.784656662211937
test_id3899,9.455512417092002
test_id3900,12.846708538347904
test_id3901,11.123904201461322
test_id3902,11.37321017207055
test_id3903,14.458718137431156
test_id3904,11.472319741503789
test_id3905,10.91092495016347
test_id3906,11.414961279050438
test_id3907,12.333189127469204
test_id3908,10.710125755555019
test_id3909,10.535503359122906
test_id3910,9.927947757405413
test_id3911,14.186548692612682
test_id3912,11.85483868046692
test_id3913,12.577571358655263
test_id3914,12.777970739434728
test_id3915,-10.89305144927362
test_id3916,12.513047289068759
test_id3917,6.205548062513394
test_id3918,11.503248811670979
test_id3919,13.434464213583915
test_id3920,12.789813008178392
test_id3921,12.140847890561261
test_id3922,8.69695961211984
test_id3923,10.431331181449913
test_id3924,9.50924267178894
test_id3925,11.179395884401792
test_id3926,11.928659200932366
test_id3927,11.005361226336142
test_id3928,8.739387497317985
test_id3929,11.376306883457111
test_id3930,12.84881210172211
test_id3931,11.14228667607837
test_id3932,11.839925335873282
test_id3933,11.142077106751039
test_id3934,11.816077884580999
test_id3935,11.48085742146646
test_id3936,8.503914382186615
test_id3937,6.4075312580378565
test_id3938,12.231630667955478
test_id3939,12.278421037223474
test_id3940,13.55013867187023
test_id3941,11.643538908752852
test_id3942,11.620247086093833
test_id3943,12.821590340368736
test_id3944,11.611369049579558
test_id3945,13.061234926481028
test_id3946,-1.3085692728574188
test_id3947,12.689570236143993
test_id3948,10.440539242790003
test_id3949,12.468013819122916
test_id3950,12.691753435715349
test_id3951,13.046616781814805
test_id3952,12.709738731625087
test_id3953,11.5045073013304
test_id3954,12.651849579439684
test_id3955,11.195045409749461
test_id3956,10.756569703406448
test_id3957,11.429869761101948
test_id3958,3.505471391404228
test_id3959,12.708094904507924
test_id3960,11.267089611427458
test_id3961,12.669662896691058
test_id3962,9.56205642660634
test_id3963,10.89888226505311
test_id3964,12.51854488816101
test_id3965,12.559416194697654
test_id3966,11.209611886116683
test_id3967,12.679195989675584
test_id3968,12.642664187430647
test_id3969,12.558486600869522
test_id3970,9.52072439456699
test_id3971,11.161048578288266
test_id3972,8.559239954811005
test_id3973,9.998340518153121
test_id3974,10.252629057920757
test_id3975,12.368965498117824
test_id3976,11.899126769841601
test_id3977,11.325091319309315
test_id3978,12.925107001298962
test_id3979,13.33271411800802
test_id3980,12.64876785288444
test_id3981,14.99092580216648
test_id3982,13.640025363344925
test_id3983,12.524182211492025
test_id3984,11.46668306697147
test_id3985,11.429928842357704
test_id3986,12.818292458046905
test_id3987,12.570383727572967
test_id3988,12.304226735476455
test_id3989,11.722452100172369
test_id3990,11.027555045610036
test_id3991,11.297131485548114
test_id3992,11.453456639124958
test_id3993,13.696249533703174
test_id3994,12.791278500878036
test_id3995,11.939385420064248
test_id3996,10.638452463239098
test_id3997,10.389452227269715
test_id3998,11.57855389476834
test_id3999,11.041832230616365
test_id4000,10.547256177819825
test_id4001,10.70344618300674
test_id4002,11.020761057067162
test_id4003,12.781891553897879
test_id4004,11.813702207109039
test_id4005,11.179352476308061
test_id4006,10.99779630064571
test_id4007,10.858968396338476
test_id4008,13.116071698751433
test_id4009,12.880152096798305
test_id4010,12.59078837998397
test_id4011,13.149796225008238
test_id4012,13.272730807814348
test_id4013,12.682340180711911
test_id4014,11.015460836802227
test_id4015,12.667905350891537
test_id4016,14.791924034531
test_id4017,10.992648244020018
test_id4018,9.731744935333587
test_id4019,13.012954047367423
test_id4020,12.93502997148503
test_id4021,12.621950618668286
test_id4022,11.27056579911168
test_id4023,10.908505006613204
test_id4024,12.936779990112647
test_id4025,12.390390282139116
test_id4026,12.556543313670922
test_id4027,11.381544102523499
test_id4028,10.745061300978257
test_id4029,11.351376968268916
test_id4030,12.046536820979433
test_id4031,6.2879736302118445
test_id4032,13.179086994890817
test_id4033,11.42138853653865
test_id4034,12.45680313528981
test_id4035,10.43126125826808
test_id4036,11.709764707873212
test_id4037,11.87586913302028
test_id4038,12.806715025635448
test_id4039,11.593558940325593
test_id4040,8.887198125543065
test_id4041,10.716424510770175
test_id4042,11.361610616768779
test_id4043,10.663532513293134
test_id4044,11.687724553341788
test_id4045,11.307141377872263
test_id4046,11.491525887865926
test_id4047,12.339278728579636
test_id4048,12.910347443221262
test_id4049,12.589583445447992
test_id4050,12.672505031143906
test_id4051,11.393521001473594
test_id4052,13.711704312793522
test_id4053,12.67088722489207
test_id4054,8.89569357447894
test_id4055,13.336491873013287
test_id4056,11.413990435972558
test_id4057,9.001908084333884
test_id4058,11.346683277230078
test_id4059,9.626490483713255
test_id4060,11.363168109654623
test_id4061,14.85702289052228
test_id4062,14.069197163769736
test_id4063,11.678434252696611
test_id4064,11.680242024471553
test_id4065,11.435241597939843
test_id4066,9.898167812284093
test_id4067,10.779864975741027
test_id4068,12.977187967332192
test_id4069,12.827399617336873
test_id4070,10.378117407407622
test_id4071,10.772488578774805
test_id4072,13.015877520491863
test_id4073,9.916985620111383
test_id4074,13.173459720449493
test_id4075,10.335545452988953
test_id4076,11.541202961021575
test_id4077,12.522839187408898
test_id4078,11.230144799103762
test_id4079,12.216002567124924
test_id4080,10.939222461402572
test_id4081,10.226391280712988
test_id4082,11.26628994439475
test_id4083,11.463479555653556
test_id4084,12.577574238910351
test_id4085,12.504302402880441
test_id4086,11.644704017118606
test_id4087,14.825143112915235
test_id4088,10.856381701375419
test_id4089,12.972400612404648
test_id4090,10.514030049038332
test_id4091,12.633013559602496
test_id4092,17.142479367257046
test_id4093,10.912864220197783
test_id4094,11.030238383802
test_id4095,10.658898084626138
test_id4096,12.419359034580573
test_id4097,12.25229838538553
test_id4098,12.793715228886732
test_id4099,12.638272947491238
test_id4100,10.633682434448382
test_id4101,11.804494399993594
test_id4102,10.499550962517112
test_id4103,12.035085735130181
test_id4104,12.761127036543407
test_id4105,13.499095732654474
test_id4106,9.27727276367952
test_id4107,11.618453572426382
test_id4108,9.287451655666011
test_id4109,10.939808206714154
test_id4110,7.373736021852622
test_id4111,10.484098812048309
test_id4112,11.308759346644017
test_id4113,12.425697714077664
test_id4114,8.53350756086359
test_id4115,12.424123195878195
test_id4116,12.734985181209971
test_id4117,13.179493579470403
test_id4118,11.282732001728483
test_id4119,11.72490095905858
test_id4120,12.67294688562378
test_id4121,12.456787682333157
test_id4122,12.908490656113763
test_id4123,13.785649191174201
test_id4124,12.867518692719209
test_id4125,13.179191941123612
test_id4126,12.78782389578631
test_id4127,12.735566881375696
test_id4128,12.60899505805218
test_id4129,12.261120760913137
test_id4130,10.98526767213513
test_id4131,13.331633878601174
test_id4132,10.924142552514098
test_id4133,12.747854362325619
test_id4134,12.493664510833334
test_id4135,13.304108204825432
test_id4136,12.689238413272228
test_id4137,11.04909278856919
test_id4138,12.607723866476839
test_id4139,13.020364615491339
test_id4140,9.1481341628144
test_id4141,12.844592392787213
test_id4142,13.532291313637856
test_id4143,11.601325256413077
test_id4144,12.227308447049502
test_id4145,11.686486713196096
test_id4146,13.94761374194168
test_id4147,10.892434156565976
test_id4148,13.857537934686924
test_id4149,11.558583122867823
test_id4150,12.524630057231455
test_id4151,11.481508150848818
test_id4152,11.070943593948904
test_id4153,10.593969516870224
test_id4154,10.507154558893383
test_id4155,11.562750011536188
test_id4156,11.852342186794303
test_id4157,12.71929380381193
test_id4158,9.408009320041309
test_id4159,12.79950272945782
test_id4160,11.718134339020487
test_id4161,13.609666485923405
test_id4162,11.197272978438754
test_id4163,12.48351303079307
test_id4164,11.174300217732352
test_id4165,11.120873519118433
test_id4166,9.75208776005492
test_id4167,10.75029162180973
test_id4168,11.413472460111684
test_id4169,12.144976169131702
test_id4170,12.442005105012896
test_id4171,9.513101282740912
test_id4172,7.108532986349651
test_id4173,10.62269850165194
test_id4174,11.135089361232424
test_id4175,-0.11392253350563664
test_id4176,12.629475139888761
test_id4177,10.970040377024198
test_id4178,13.51707233696495
test_id4179,12.212403662315126
test_id4180,12.28802680009722
test_id4181,9.220429803937407
test_id4182,10.813507311239086
test_id4183,12.881488247347257
test_id4184,12.348229904161435
test_id4185,11.38437062792287
test_id4186,10.114525064146399
test_id4187,12.7464166999439
test_id4188,11.456310339546647
test_id4189,13.07241190214075
test_id4190,11.885416151263662
test_id4191,11.002685843468889
test_id4192,11.519821771776314
test_id4193,11.352077369947814
test_id4194,11.560677761357233
test_id4195,11.289265973814388
test_id4196,12.83781361125883
test_id4197,13.578530575623226
test_id4198,9.972846240575983
test_id4199,10.310321214225944
test_id4200,12.576004954813364
test_id4201,9.602482622833413
test_id4202,12.222365450863656
test_id4203,11.543199692409623
test_id4204,13.033420599446238
test_id4205,12.95813587850774
test_id4206,12.922284126928467
test_id4207,11.333205748683476
test_id4208,13.25853072237355
test_id4209,10.705926624269416
test_id4210,11.495599074359767
test_id4211,13.035487668494092
test_id4212,11.341510095896759
test_id4213,12.179365691096187
test_id4214,11.117359985998114
test_id4215,9.365541669446095
test_id4216,13.444556140888047
test_id4217,12.973752227021926
test_id4218,13.200319919886105
test_id4219,12.623648872575977
test_id4220,11.521006280328997
test_id4221,12.575527845057266
test_id4222,12.489928183514046
test_id4223,10.97273136324386
test_id4224,12.765838385483399
test_id4225,11.443918566360985
test_id4226,10.13785888298736
test_id4227,11.687326387622427
test_id4228,11.869015000544557
test_id4229,11.4260665759301
test_id4230,13.686288988600886
test_id4231,11.380424099900786
test_id4232,12.391285285333389
test_id4233,11.778678214006113
test_id4234,11.206084761900748
test_id4235,12.87850961897157
test_id4236,11.192667193874577
test_id4237,11.349606845256623
test_id4238,10.101460387434713
test_id4239,11.843044878135153
test_id4240,11.095269249085916
test_id4241,13.147857964544976
test_id4242,12.234203899981978
test_id4243,12.322280789739494
test_id4244,11.659087681653652
test_id4245,12.61656358618621
test_id4246,6.804700090331352
test_id4247,12.514373347838777
test_id4248,13.32310231274068
test_id4249,12.038689762669343
test_id4250,15.108722043956838
test_id4251,12.212995772348997
test_id4252,12.08583324249647
test_id4253,11.320290321776888
test_id4254,12.656471024452024
test_id4255,10.672307649932584
test_id4256,11.603878486525808
test_id4257,12.834974138230741
test_id4258,11.453062838140234
test_id4259,10.846507216303252
test_id4260,11.847881896986244
test_id4261,10.38373635018204
test_id4262,13.100977800784953
test_id4263,12.752665232743546
test_id4264,12.530675980680364
test_id4265,13.14126100065429
test_id4266,10.697240432498319
test_id4267,12.555523457315637
test_id4268,12.307965596150943
test_id4269,10.114003220637592
test_id4270,16.92869831119898
test_id4271,10.460362202543699
test_id4272,12.224696112104873
test_id4273,13.231887779552942
test_id4274,11.400575020822181
test_id4275,11.825584072605132
test_id4276,11.549018595186077
test_id4277,10.519631452672876
test_id4278,9.719693895341784
test_id4279,12.639756751689625
test_id4280,11.319106740368163
test_id4281,10.804340532142668
test_id4282,8.324584182909923
test_id4283,8.328782387737213
test_id4284,13.666118264996449
test_id4285,12.281274077336924
test_id4286,11.500996127285383
test_id4287,11.436299066901292
test_id4288,12.239255761354066
test_id4289,13.137816029088192
test_id4290,10.898889153373155
test_id4291,11.303334583100437
test_id4292,12.59525890113067
test_id4293,10.46978536953997
test_id4294,11.297278362641045
test_id4295,12.813836392916166
test_id4296,12.863499764345477
test_id4297,13.69208387282547
test_id4298,13.085882264798009
test_id4299,12.294475631977683
test_id4300,11.185893294983892
test_id4301,11.76162312157242
test_id4302,11.37765912534045
test_id4303,11.22870499847297
test_id4304,11.588537196139235
test_id4305,9.603564583828152
test_id4306,12.723424450791171
test_id4307,13.233782542363805
test_id4308,12.416006826199855
test_id4309,11.393767912398069
test_id4310,13.328607311042646
test_id4311,10.41148599154888
test_id4312,12.65932657614588
test_id4313,12.847901585520482
test_id4314,11.810175185150193
test_id4315,11.524280897785296
test_id4316,13.14885555613963
test_id4317,11.542615846410023
test_id4318,11.611196337681527
test_id4319,12.299838103553967
test_id4320,11.65817576968113
test_id4321,6.7639973503623665
test_id4322,9.169571278026694
test_id4323,12.2410780093877
test_id4324,12.788311604731653
test_id4325,10.318276849542023
test_id4326,12.922985976986233
test_id4327,11.22277479101934
test_id4328,14.432719051067288
test_id4329,13.035850412845178
test_id4330,13.587339097451341
test_id4331,11.307952494217993
test_id4332,12.586678562995282
test_id4333,15.255445293867375
test_id4334,11.351433244223543
test_id4335,12.741090569567014
test_id4336,12.836323863885276
test_id4337,13.189171698972224
test_id4338,11.40367000646743
test_id4339,12.572553881130965
test_id4340,8.906154176213427
test_id4341,11.375727885132115
test_id4342,11.419923122099853
test_id4343,12.306885179477042
test_id4344,12.860899853711516
test_id4345,11.204511468862755
test_id4346,10.82006268434133
test_id4347,14.399673200899343
test_id4348,12.724079861478309
test_id4349,11.232161312232513
test_id4350,10.947627266856848
test_id4351,11.305278425317276
test_id4352,10.915141014825558
test_id4353,13.804782071061688
test_id4354,10.625031867282097
test_id4355,12.877746677498031
test_id4356,12.70255586176473
test_id4357,12.759170951803917
test_id4358,11.372576488537042
test_id4359,11.199749143708289
test_id4360,15.268999818307726
test_id4361,12.724581378971529
test_id4362,11.538108121042363
test_id4363,13.266766974832741
test_id4364,10.416111755017546
test_id4365,11.309826134115376
test_id4366,10.925282441595023
test_id4367,14.62080212957742
test_id4368,12.074118816333133
test_id4369,12.75276128116392
test_id4370,12.804474304181248
test_id4371,10.979151367137852
test_id4372,10.089005604432906
test_id4373,11.207114230648273
test_id4374,10.089486449727836
test_id4375,11.218360499241292
test_id4376,11.435085400746367
test_id4377,11.164943219463602
test_id4378,11.868108625743403
test_id4379,12.955424692443906
test_id4380,13.39419467072419
test_id4381,10.834216978382678
test_id4382,10.879756239427785
test_id4383,12.793358359611638
test_id4384,11.46437169445614
test_id4385,13.071234640483361
test_id4386,10.653743092913018
test_id4387,12.362777879331318
test_id4388,12.67057782174571
test_id4389,11.549370687486167
test_id4390,12.653916222498943
test_id4391,12.550178068412954
test_id4392,11.564747838853997
test_id4393,9.809471776917214
test_id4394,12.07514138479835
test_id4395,11.747105064466375
test_id4396,17.658648756670964
test_id4397,12.404379501001358
test_id4398,13.035550652581783
test_id4399,11.719937327997279
test_id4400,11.486998498937226
test_id4401,11.395952647283032
test_id4402,10.856935348088903
test_id4403,10.760397079495597
test_id4404,10.800240758254049
test_id4405,10.731802941036726
test_id4406,11.347468632273994
test_id4407,7.981937184494846
test_id4408,10.276896540361882
test_id4409,10.95862599666409
test_id4410,9.47924499034309
test_id4411,11.203997937585278
test_id4412,12.291599573079672
test_id4413,10.921783535046764
test_id4414,12.571019795701467
test_id4415,11.335749202616888
test_id4416,13.639835156191062
test_id4417,11.96682732022304
test_id4418,12.110736004558923
test_id4419,10.772578460616991
test_id4420,12.272730589832882
test_id4421,11.557896554503884
test_id4422,13.019997968766425
test_id4423,10.984596674073451
test_id4424,12.833462166170186
test_id4425,11.22990447571464
test_id4426,10.465655201287397
test_id4427,12.611838514721889
test_id4428,12.95424853794642
test_id4429,12.788117618415335
test_id4430,10.983085124826196
test_id4431,13.445994112770215
test_id4432,10.30200515501128
test_id4433,10.567374732334649
test_id4434,11.034919904459748
test_id4435,12.04579870240196
test_id4436,13.124837065191137
test_id4437,10.843256366972462
test_id4438,11.031813868566779
test_id4439,12.447046715399587
test_id4440,11.43347388821325
test_id4441,12.454136675081166
test_id4442,13.040120299953365
test_id4443,11.843438095521698
test_id4444,13.017962930107082
test_id4445,11.51343229050778
test_id4446,12.746102942710031
test_id4447,13.238027738547252
test_id4448,10.735443057235244
test_id4449,10.947655906869485
test_id4450,13.446376172572847
test_id4451,12.173292101853932
test_id4452,13.58718570395635
test_id4453,9.049582232313831
test_id4454,13.109448736793816
test_id4455,13.7690781454016
test_id4456,10.702637834015782
test_id4457,13.340541911343372
test_id4458,12.193847581790102
test_id4459,13.692599338560058
test_id4460,11.028191808657262
test_id4461,11.122002174998606
test_id4462,12.71426919142096
test_id4463,12.462936181502734
test_id4464,11.727932242116744
test_id4465,13.757861834042806
test_id4466,12.83536505778627
test_id4467,13.28582370251668
test_id4468,13.013778943088518
test_id4469,10.78382470081602
test_id4470,12.11369801796539
test_id4471,13.08153144670056
test_id4472,3.0740196654088336
test_id4473,10.977833915626626
test_id4474,11.362862310053579
test_id4475,12.662520689456166
test_id4476,10.590742595388
test_id4477,12.609873246921595
test_id4478,11.509253147607389
test_id4479,12.35242806434129
test_id4480,14.504130405995234
test_id4481,12.156417723521564
test_id4482,12.839392375608277
test_id4483,9.709591856313558
test_id4484,11.425320521090732
test_id4485,13.073091755793492
test_id4486,9.740735489869813
test_id4487,10.93323260487849
test_id4488,11.852427711815679
test_id4489,10.652264625107257
test_id4490,9.577022389219884
test_id4491,12.402526256081188
test_id4492,10.574074051040235
test_id4493,12.626944098837946
test_id4494,11.539231777071109
test_id4495,10.931450187551071
test_id4496,12.652768208383925
test_id4497,13.047141838412038
test_id4498,10.906140299661814
test_id4499,10.817150078273883
test_id4500,12.714736353854995
test_id4501,11.697251144282852
test_id4502,11.242378609591334
test_id4503,11.056628642159417
test_id4504,11.471313841852371
test_id4505,11.730465201769832
test_id4506,10.982370115925804
test_id4507,12.525563639943726
test_id4508,15.21173913749309
test_id4509,11.526566037620704
test_id4510,11.281913613446342
test_id4511,12.70462680336859
test_id4512,11.128404998882438
test_id4513,11.449350749407138
test_id4514,9.106220290148507
test_id4515,12.772187964801581
test_id4516,9.507209622706078
test_id4517,10.120716941875038
test_id4518,13.245680473499228
test_id4519,8.255879074336
test_id4520,12.819941566251053
test_id4521,12.194139629997032
test_id4522,12.642771827815174
test_id4523,13.464819330786078
test_id4524,12.857320091072694
test_id4525,11.012685653936288
test_id4526,10.846838461340518
test_id4527,12.676941427270712
test_id4528,10.987222884413633
test_id4529,8.52206035178687
test_id4530,10.145826701475954
test_id4531,13.425927694847068
test_id4532,11.324007056770228
test_id4533,11.315880664557064
test_id4534,8.203726195889615
test_id4535,10.267568418184972
test_id4536,12.91143622326257
test_id4537,12.180716284635828
test_id4538,9.772769489513387
test_id4539,11.662489047938159
test_id4540,12.49629788749845
test_id4541,10.946939611449885
test_id4542,11.75812507844332
test_id4543,13.442903353908072
test_id4544,10.943128938778877
test_id4545,11.065291801364232
test_id4546,10.94247225050831
test_id4547,11.468908344520571
test_id4548,12.841454724974078
test_id4549,11.843194931996088
test_id4550,12.48849002174147
test_id4551,12.930440679408008
test_id4552,10.954412517236726
test_id4553,10.735941720162856
test_id4554,13.045870178685654
test_id4555,13.010254875485352
test_id4556,13.384257589603969
test_id4557,11.407502336595698
test_id4558,11.245123203393497
test_id4559,10.36097594406597
test_id4560,12.668279714229634
test_id4561,10.7237734459247
test_id4562,11.728528013549926
test_id4563,10.608914449681983
test_id4564,10.909735572657304
test_id4565,12.52943367491276
test_id4566,12.449335066923616
test_id4567,11.790804225279835
test_id4568,10.934371365708266
test_id4569,9.108970327282812
test_id4570,10.288542528634174
test_id4571,10.78616035685527
test_id4572,12.769492316453679
test_id4573,11.544591432575253
test_id4574,13.891608846043468
test_id4575,7.783228193269942
test_id4576,14.517073704757287
test_id4577,12.315008454818589
test_id4578,11.316316154396652
test_id4579,11.053758671605394
test_id4580,12.49764948039303
test_id4581,11.135191094352116
test_id4582,12.680173460576164
test_id4583,10.411351892433963
test_id4584,12.55639186941648
test_id4585,12.183128365101489
test_id4586,13.620974022631337
test_id4587,11.116159954905811
test_id4588,10.686690397432294
test_id4589,12.877174664226565
test_id4590,14.338683176487265
test_id4591,11.441854311148099
test_id4592,10.861981271495274
test_id4593,12.166300142184447
test_id4594,11.31980240992322
test_id4595,12.552984180543383
test_id4596,14.703949878826343
test_id4597,12.652969279944465
test_id4598,10.871065480978082
test_id4599,10.315448335218193
test_id4600,14.304905929461533
test_id4601,13.527403833632086
test_id4602,12.607906439873474
test_id4603,12.252323311666679
test_id4604,11.411533773524887
test_id4605,12.743540139730534
test_id4606,11.487204062357357
test_id4607,12.694437125589594
test_id4608,10.074581151483997
test_id4609,10.620744201391737
test_id4610,13.362049980447502
test_id4611,12.489734386293641
test_id4612,9.975236392331702
test_id4613,12.833188631542633
test_id4614,11.531838472165425
test_id4615,12.826691380864666
test_id4616,10.073817817715586
test_id4617,7.946315246934027
test_id4618,11.230521739943548
test_id4619,12.953840442134066
test_id4620,11.596637739843018
test_id4621,11.886823203193998
test_id4622,10.31183300169679
test_id4623,11.375517305622019
test_id4624,14.63384447164158
test_id4625,12.952320487702671
test_id4626,9.877326280650372
test_id4627,11.613170919647139
test_id4628,11.766436486629274
test_id4629,11.318536035716711
test_id4630,12.522314727273326
test_id4631,12.693739659989397
test_id4632,12.363879987253064
test_id4633,8.287413410571581
test_id4634,11.708372689856525
test_id4635,11.231882010251574
test_id4636,12.574304799401382
test_id4637,10.014926640479295
test_id4638,12.745568168566244
test_id4639,9.831511778912876
test_id4640,12.949956739579626
test_id4641,12.303322946876897
test_id4642,9.94464306051433
test_id4643,13.220626806541645
test_id4644,12.967138203661953
test_id4645,11.313307755326143
test_id4646,10.882724573645127
test_id4647,10.699691217651086
test_id4648,10.982245676458483
test_id4649,9.935423883985763
test_id4650,11.161030459466069
test_id4651,12.326485077282278
test_id4652,11.760779774336129
test_id4653,12.591051478492666
test_id4654,10.969728012338244
test_id4655,12.925158967415122
test_id4656,11.032529526091913
test_id4657,12.05078465814129
test_id4658,11.256518020913198
test_id4659,13.026664758032076
test_id4660,11.605253602408716
test_id4661,11.630734732919954
test_id4662,12.744718769512197
test_id4663,13.366228736394653
test_id4664,13.036977392510785
test_id4665,17.88063955919568
test_id4666,11.609856296714732
test_id4667,11.435081072080038
test_id4668,10.265828465167878
test_id4669,10.95161657353409
test_id4670,12.315554260624147
test_id4671,12.833346502668626
test_id4672,11.097995119450538
test_id4673,10.985029840494484
test_id4674,11.38351680865916
test_id4675,10.35127121487804
test_id4676,11.90248017287017
test_id4677,12.004272122892743
test_id4678,10.927291386507449
test_id4679,12.179178555496314
test_id4680,12.718629066340476
test_id4681,9.074927346797573
test_id4682,12.979713709982526
test_id4683,10.83702362032404
test_id4684,12.342594188751185
test_id4685,12.586597517375871
test_id4686,12.674629892219372
test_id4687,11.252785811379326
test_id4688,12.102326066185334
test_id4689,12.92891049606682
test_id4690,9.298132671029244
test_id4691,13.60039380532185
test_id4692,9.870030411146807
test_id4693,8.334515741940628
test_id4694,10.710795390512978
test_id4695,12.478870069003214
test_id4696,12.3591668661876
test_id4697,12.560002316508651
test_id4698,9.691059226069775
test_id4699,12.665094474778037
test_id4700,12.820788826355006
test_id4701,9.706731917887872
test_id4702,12.798724093830856
test_id4703,10.702446497286026
test_id4704,9.735299756874362
test_id4705,10.557258269801459
test_id4706,10.905130170611422
test_id4707,12.537568419609691
test_id4708,12.09533223934713
test_id4709,10.919059420519424
test_id4710,12.789421852238583
test_id4711,11.63479733392925
test_id4712,12.622300922572286
test_id4713,9.464799323178056
test_id4714,9.563980724283262
test_id4715,11.057330176653089
test_id4716,10.467706704292183
test_id4717,12.623348668710342
test_id4718,9.921905294035163
test_id4719,11.568915696254372
test_id4720,13.214078466847674
test_id4721,10.620037734171369
test_id4722,11.785603264992481
test_id4723,11.284056211574857
test_id4724,11.8850599535023
test_id4725,12.419074071353485
test_id4726,15.281936303366585
test_id4727,11.412531681059086
test_id4728,12.377538285802174
test_id4729,11.461633457449516
test_id4730,11.19076800639457
test_id4731,10.790943743072894
test_id4732,12.462270280392069
test_id4733,12.383200664258048
test_id4734,13.394764244828025
test_id4735,11.545269556908117
test_id4736,11.565004193616168
test_id4737,11.886702072748328
test_id4738,13.2645700026955
test_id4739,12.482867259157409
test_id4740,10.80996558463874
test_id4741,13.726671180335792
test_id4742,12.586444307112437
test_id4743,11.22419836865744
test_id4744,9.476541323262943
test_id4745,11.029971713799519
test_id4746,11.472058305697821
test_id4747,11.7550544571856
test_id4748,11.878342222719361
test_id4749,11.51849049526863
test_id4750,10.663272910644395
test_id4751,10.192054958273822
test_id4752,12.115346845185464
test_id4753,11.788152748368923
test_id4754,13.390627705511683
test_id4755,8.924739271298087
test_id4756,13.391973201333975
test_id4757,12.219393326975826
test_id4758,11.554965481597286
test_id4759,11.627557964595688
test_id4760,15.271156296530798
test_id4761,11.247263881565651
test_id4762,9.807882048498875
test_id4763,10.682707579910655
test_id4764,11.305136503586475
test_id4765,11.044819042463509
test_id4766,12.690905711808263
test_id4767,11.438331448508997
test_id4768,8.43590809764354
test_id4769,12.92761221947682
test_id4770,12.892374913292308
test_id4771,12.276040134880326
test_id4772,11.628869860803846
test_id4773,10.79003573051034
test_id4774,12.466356474587734
test_id4775,9.71315663638898
test_id4776,10.469014834785547
test_id4777,13.19077694171068
test_id4778,11.487147983910923
test_id4779,12.575019632353666
test_id4780,12.502971150655377
test_id4781,12.565893978647132
test_id4782,12.375999597544102
test_id4783,10.771923790804045
test_id4784,12.32576387299651
test_id4785,11.323717515311081
test_id4786,11.331158946573417
test_id4787,12.515296542554061
test_id4788,10.808888554115505
test_id4789,10.884983895825847
test_id4790,14.996056772670748
test_id4791,9.904565522947074
test_id4792,12.516760418677883
test_id4793,10.90076614234625
test_id4794,11.080194888592906
test_id4795,12.402496837307645
test_id4796,13.758918114114032
test_id4797,12.495797514988801
test_id4798,11.037788489630273
test_id4799,10.85209998221908
test_id4800,12.803478237816776
test_id4801,11.556954177688006
test_id4802,12.58190488613024
test_id4803,12.786532731533619
test_id4804,11.19795873820658
test_id4805,12.646835423561662
test_id4806,6.0125922077693374
test_id4807,12.56368362703141
test_id4808,12.874047305307776
test_id4809,13.30503241816961
test_id4810,11.564084018193732
test_id4811,12.428255080632098
test_id4812,12.659734983062883
test_id4813,13.225908614896575
test_id4814,11.738558514303541
test_id4815,11.524856975718315
test_id4816,10.852032584673758
test_id4817,13.414730916742705
test_id4818,11.110560366287679
test_id4819,10.232245871941672
test_id4820,12.546943015725965
test_id4821,6.885788741976462
test_id4822,11.003605308788721
test_id4823,12.592130096615769
test_id4824,11.299893037878498
test_id4825,11.475437215770334
test_id4826,13.29339105077947
test_id4827,11.047926921813094
test_id4828,10.871479183906054
test_id4829,10.48958221130681
test_id4830,11.443458534215374
test_id4831,12.11273216327374
test_id4832,10.946480895980464
test_id4833,11.429309558289638
test_id4834,13.428279190017783
test_id4835,11.65591646661914
test_id4836,11.371491707065559
test_id4837,12.583368089800565
test_id4838,13.302348285338475
test_id4839,12.491475244525866
test_id4840,10.977161795196231
test_id4841,13.331959718997723
test_id4842,12.566435036711944
test_id4843,10.78380664423701
test_id4844,11.803164574870571
test_id4845,12.519708585248388
test_id4846,8.559021439813172
test_id4847,11.37953741370766
test_id4848,9.240631993362705
test_id4849,11.342401840216446
test_id4850,10.557010962383622
test_id4851,11.205226552519129
test_id4852,11.196138757204743
test_id4853,11.63942394163832
test_id4854,10.704718936590616
test_id4855,10.160857027458768
test_id4856,11.70439950840592
test_id4857,11.360063794429259
test_id4858,12.586651487387876
test_id4859,14.814093077101155
test_id4860,9.097871604585897
test_id4861,12.311245879031738
test_id4862,13.344890551896775
test_id4863,10.764837925077153
test_id4864,11.366194205346964
test_id4865,12.177197137627608
test_id4866,13.36204517314237
test_id4867,12.731167515229906
test_id4868,12.836479565712658
test_id4869,8.93484801476722
test_id4870,10.591718790659193
test_id4871,13.623413660489454
test_id4872,11.221254503817967
test_id4873,11.3109449146691
test_id4874,12.286370846910124
test_id4875,13.05218673982899
test_id4876,12.478070386980953
test_id4877,10.95067199124825
test_id4878,11.431343472149067
test_id4879,12.585209677839522
test_id4880,10.989626906104768
test_id4881,13.619966734398183
test_id4882,12.351667981721057
test_id4883,13.039540573190429
test_id4884,12.035427645893705
test_id4885,11.40523654651404
test_id4886,10.98676192949194
test_id4887,10.608960802656306
test_id4888,11.704940660922212
test_id4889,11.424933319588028
test_id4890,12.580016158008242
test_id4891,10.896264550017968
test_id4892,10.966439051432332
test_id4893,9.090726169834817
test_id4894,10.47247204250926
test_id4895,11.357537293753381
test_id4896,12.033762549401864
test_id4897,11.296094821589044
test_id4898,10.991256200655222
test_id4899,12.848568065300206
test_id4900,11.386405081885194
test_id4901,9.84830769869756
test_id4902,10.725437045367343
test_id4903,11.166594614779235
test_id4904,11.49794771730921
test_id4905,11.213520868138154
test_id4906,10.514359019580404
test_id4907,12.904382466938863
test_id4908,13.58653824059408
test_id4909,10.579776680895954
test_id4910,13.056573108252103
test_id4911,11.806822397522886
test_id4912,11.474120650135937
test_id4913,9.926755366014781
test_id4914,12.609799399870631
test_id4915,12.359734222905793
test_id4916,10.506444021858563
test_id4917,16.062332136058096
test_id4918,12.732624694386153
test_id4919,11.820992526563856
test_id4920,12.403961354904105
test_id4921,12.365892553965729
test_id4922,13.491444228230122
test_id4923,12.743169378564737
test_id4924,12.690177697475214
test_id4925,11.667095172009716
test_id4926,12.209316991615339
test_id4927,12.814703164492606
test_id4928,11.111917259068967
test_id4929,12.299696674721325
test_id4930,11.372720008765661
test_id4931,11.76040750378278
test_id4932,11.926216269124474
test_id4933,11.456656333428022
test_id4934,13.300292510043796
test_id4935,10.727442753980718
test_id4936,11.272643796519297
test_id4937,11.415755267958865
test_id4938,9.68838420050475
test_id4939,12.333081968130948
test_id4940,10.491847700695153
test_id4941,10.385526734393316
test_id4942,9.293034520595391
test_id4943,11.598211451946568
test_id4944,9.57324144141024
test_id4945,13.357624252130393
test_id4946,10.575863035942277
test_id4947,11.160447668383881
test_id4948,11.840723933435576
test_id4949,11.235548617865227
test_id4950,13.08409177186222
test_id4951,12.19273952314363
test_id4952,12.269299921456756
test_id4953,11.309929953187911
test_id4954,11.029559897729705
test_id4955,11.303858327462343
test_id4956,12.922287387778312
test_id4957,10.693638169562696
test_id4958,12.550567910394015
test_id4959,12.895968135760164
test_id4960,11.201512861919866
test_id4961,10.54483825212342
test_id4962,11.018772223896015
test_id4963,11.532150419071534
test_id4964,12.466285103753243
test_id4965,12.797142098539489
test_id4966,12.399498066711935
test_id4967,11.007636721470895
test_id4968,10.40689723476165
test_id4969,12.941731100094806
test_id4970,10.877498990142335
test_id4971,11.731652079371543
test_id4972,12.743815357485197
test_id4973,14.69125753130745
test_id4974,12.729277406726261
test_id4975,12.635800346696136
test_id4976,11.814254869286664
test_id4977,11.019440664721976
test_id4978,11.322576256270246
test_id4979,10.944344385214386
test_id4980,12.703264170054524
test_id4981,14.430637031657419
test_id4982,10.298040161382751
test_id4983,10.979769666776768
test_id4984,12.325676509846794
test_id4985,11.04654734764145
test_id4986,11.158551774888998
test_id4987,12.501607846696821
test_id4988,12.783246676408176
test_id4989,13.600288177784272
test_id4990,15.05712390259638
test_id4991,8.690400955251356
test_id4992,11.585501633106894
test_id4993,10.41231626716857
test_id4994,13.618049071926599
test_id4995,11.658017171455391
test_id4996,11.38723770287374
test_id4997,10.585072054063083
test_id4998,9.921193407277237
test_id4999,11.092568930397881
test_id5000,10.616249009499903
test_id5001,12.702312820189867
test_id5002,11.443446741819407
test_id5003,15.029240659631704
test_id5004,13.650783020205154
test_id5005,11.43069129949928
test_id5006,11.23202683837426
test_id5007,12.662608037533282
test_id5008,9.265828397459828
test_id5009,13.162887469493022
test_id5010,8.876784279966024
test_id5011,13.209607271949444
test_id5012,11.08550280317283
test_id5013,13.383316291865903
test_id5014,11.10628019617473
test_id5015,13.578594334751408
test_id5016,11.31837310345265
test_id5017,11.46339744927981
test_id5018,11.295721093603554
test_id5019,9.802087087326377
test_id5020,11.314896853971717
test_id5021,11.433337493907423
test_id5022,12.528942360052852
test_id5023,10.501609364318398
test_id5024,11.769724507823916
test_id5025,11.042774288994593
test_id5026,10.308962813507577
test_id5027,11.347316016542884
test_id5028,11.314125270187802
test_id5029,13.209677158753628
test_id5030,13.070061047943916
test_id5031,11.87128085764968
test_id5032,11.236747839327357
test_id5033,10.706901530467405
test_id5034,12.608739805538413
test_id5035,12.877932203789463
test_id5036,15.073563781214425
test_id5037,14.425012332028977
test_id5038,11.081929958435346
test_id5039,10.255050484428473
test_id5040,12.746530252160717
test_id5041,11.136397325117748
test_id5042,13.327968417065996
test_id5043,11.653075880880273
test_id5044,11.320339517968371
test_id5045,14.307612947450401
test_id5046,9.381583361703072
test_id5047,10.629608568915906
test_id5048,11.143639175931114
test_id5049,13.086377291818089
test_id5050,12.7093196055906
test_id5051,11.694474913073527
test_id5052,12.781750638068921
test_id5053,10.866458200323173
test_id5054,12.78347000834615
test_id5055,11.422283411523601
test_id5056,7.966315039047473
test_id5057,12.316418457849139
test_id5058,12.784862296379664
test_id5059,11.034709513211766
test_id5060,13.225225512395731
test_id5061,12.447735260385919
test_id5062,12.85939383885168
test_id5063,13.219126223888622
test_id5064,12.871360393386333
test_id5065,12.587380302838348
test_id5066,13.383857327581836
test_id5067,10.18958466986215
test_id5068,12.049344913651915
test_id5069,9.812515438036861
test_id5070,14.788653528260262
test_id5071,12.741871804934114
test_id5072,9.289459067363168
test_id5073,12.612887292448669
test_id5074,14.96094854395973
test_id5075,9.239629366166447
test_id5076,9.35798499184859
test_id5077,12.668617979706795
test_id5078,8.51161542377222
test_id5079,13.682656783866854
test_id5080,10.159444781532123
test_id5081,12.854075019143451
test_id5082,13.28999235833512
test_id5083,11.674227675022927
test_id5084,14.900154137390253
test_id5085,11.362655268996853
test_id5086,10.176067465030648
test_id5087,10.98325949108699
test_id5088,12.521394382275936
test_id5089,11.224731340938895
test_id5090,10.877862548503707
test_id5091,13.018526315685982
test_id5092,10.936075570975355
test_id5093,11.000804902100604
test_id5094,10.729828523126066
test_id5095,10.795238140921185
test_id5096,10.984732745102413
test_id5097,12.639155508793614
test_id5098,10.6847404293921
test_id5099,12.224665264640983
test_id5100,10.583642163310998
test_id5101,11.711610918568795
test_id5102,9.872028904020368
test_id5103,11.302065566227405
test_id5104,10.375610025499931
test_id5105,12.7646788236626
test_id5106,13.215252607883123
test_id5107,12.689969416958412
test_id5108,12.95280713844354
test_id5109,10.455724091189289
test_id5110,12.695630444532824
test_id5111,12.650601305669575
test_id5112,10.779926887636769
test_id5113,11.564275800869346
test_id5114,12.956307055714554
test_id5115,13.195890704096279
test_id5116,10.44643008308131
test_id5117,12.12642401166287
test_id5118,12.739100511763297
test_id5119,13.35994172452201
test_id5120,11.647477796266571
test_id5121,12.99094958976665
test_id5122,10.87188362128959
test_id5123,12.298364410829357
test_id5124,13.19983934229628
test_id5125,11.410010617192263
test_id5126,12.642523674194663
test_id5127,10.962931503742773
test_id5128,12.691447333707025
test_id5129,11.529581300717034
test_id5130,10.652560749558042
test_id5131,11.524829569687292
test_id5132,12.91366335477101
test_id5133,12.817886211997788
test_id5134,13.35673534275815
test_id5135,9.439353510385708
test_id5136,13.381356820582191
test_id5137,11.148722024972038
test_id5138,11.229495085206999
test_id5139,12.218089635484255
test_id5140,9.4776023416401
test_id5141,11.044673752572685
test_id5142,12.641129285047818
test_id5143,12.426799708052052
test_id5144,11.547541362158064
test_id5145,13.753001924939305
test_id5146,10.395699274630694
test_id5147,13.402500334915821
test_id5148,12.27045808997979
test_id5149,12.703335814303514
test_id5150,12.90673790016016
test_id5151,11.548661085720177
test_id5152,13.019474443941569
test_id5153,12.487471525873225
test_id5154,10.98417667245188
test_id5155,12.286420477248448
test_id5156,12.980873934232214
test_id5157,11.493405171516478
test_id5158,11.518720100932953
test_id5159,12.771179320963036
test_id5160,13.469022185407091
test_id5161,13.422616336298624
test_id5162,10.604669658120486
test_id5163,12.681115413305555
test_id5164,11.426235799468891
test_id5165,13.183072416234943
test_id5166,7.586142071490542
test_id5167,11.78032890442298
test_id5168,11.405770675385227
test_id5169,12.968672553047774
test_id5170,11.213485813373559
test_id5171,11.474375105355712
test_id5172,11.059029218613283
test_id5173,10.876782494715279
test_id5174,9.880195754094878
test_id5175,10.709696305258468
test_id5176,12.670832512184852
test_id5177,11.017944558501249
test_id5178,11.474381969456296
test_id5179,12.20687946001258
test_id5180,11.811452249764024
test_id5181,12.61745043496736
test_id5182,13.620435020645289
test_id5183,12.464056260636475
test_id5184,10.97532799758212
test_id5185,11.030483740957756
test_id5186,11.31449888794463
test_id5187,11.31247356118157
test_id5188,12.285985321829365
test_id5189,12.147695887239813
test_id5190,11.726424668895824
test_id5191,13.091426624467381
test_id5192,12.219890901128103
test_id5193,12.924267675352795
test_id5194,11.392682351281302
test_id5195,12.998035005049147
test_id5196,11.34778690034792
test_id5197,11.440137984425498
test_id5198,10.257888880077793
test_id5199,11.054777193552546
test_id5200,11.547956490087948
test_id5201,11.732688671667233
test_id5202,12.308868704819865
test_id5203,10.223042157921462
test_id5204,13.54688246900158
test_id5205,12.476583520309582
test_id5206,12.862552968834109
test_id5207,10.939106722417641
test_id5208,11.775746361155058
test_id5209,12.776449819783856
test_id5210,12.452004631610599
test_id5211,11.560998745702214
test_id5212,12.3056563997335
test_id5213,11.1328575332928
test_id5214,12.422948172223265
test_id5215,11.382960478537008
test_id5216,11.347936539452988
test_id5217,11.421067124748866
test_id5218,12.389710833962802
test_id5219,10.300058363894586
test_id5220,13.757259712339675
test_id5221,11.419280611805455
test_id5222,13.10534497405611
test_id5223,12.00195271972337
test_id5224,10.931951380687437
test_id5225,11.662617381186188
test_id5226,12.395808459573189
test_id5227,11.54511450594672
test_id5228,11.116832774015997
test_id5229,12.14128785964121
test_id5230,12.854358559273251
test_id5231,11.835215882800306
test_id5232,11.959285621448124
test_id5233,10.69161645621653
test_id5234,11.599892910778458
test_id5235,13.368717354189883
test_id5236,11.775344156098022
test_id5237,10.924178588655828
test_id5238,11.324604436949322
test_id5239,10.705992037815498
test_id5240,11.366275187064574
test_id5241,12.622549862110297
test_id5242,11.301431251353002
test_id5243,12.932468181000367
test_id5244,11.509191534864613
test_id5245,11.123732596495778
test_id5246,14.455844286125782
test_id5247,12.72374390760892
test_id5248,11.685524825058344
test_id5249,11.481567029524804
test_id5250,12.614417666018689
test_id5251,11.155805405927175
test_id5252,12.690214449384733
test_id5253,11.056547764338752
test_id5254,13.300098992708833
test_id5255,10.67493509445643
test_id5256,12.508891653510084
test_id5257,13.699255102763267
test_id5258,12.90088979028556
test_id5259,12.88319003560769
test_id5260,7.932613100189762
test_id5261,9.185034839372058
test_id5262,13.01717492958685
test_id5263,13.040825478676808
test_id5264,12.82435054454914
test_id5265,12.660706159668635
test_id5266,12.63984637734746
test_id5267,12.656101979133872
test_id5268,13.268226544776418
test_id5269,11.635785358934974
test_id5270,11.846322904420099
test_id5271,11.253376889084258
test_id5272,12.386809727959324
test_id5273,11.427166211188357
test_id5274,11.503615234461698
test_id5275,11.489038967695599
test_id5276,10.943687076947263
test_id5277,11.147253094876689
test_id5278,12.353288121584036
test_id5279,11.626441372712108
test_id5280,11.483805815772335
test_id5281,11.25291720641978
test_id5282,10.71427405916753
test_id5283,11.319193883053906
test_id5284,12.44756718692576
test_id5285,12.798209567806673
test_id5286,10.971136955825095
test_id5287,10.329218672872436
test_id5288,12.876651638298078
test_id5289,12.71946168796353
test_id5290,12.046087159807549
test_id5291,11.176813893175556
test_id5292,11.925205053612537
test_id5293,12.184422931560285
test_id5294,9.332255990025196
test_id5295,11.282993512248616
test_id5296,13.228338428948923
test_id5297,12.493280698149476
test_id5298,10.210395220974526
test_id5299,12.158918796148768
test_id5300,16.659763070915083
test_id5301,11.028379443865596
test_id5302,11.006678920116293
test_id5303,10.356349956075256
test_id5304,12.456363202992172
test_id5305,11.928482935907148
test_id5306,10.502930438911399
test_id5307,13.114869194756714
test_id5308,12.82634438172429
test_id5309,11.75716695997118
test_id5310,11.26350733804339
test_id5311,11.926241264552026
test_id5312,11.13418307836853
test_id5313,12.97585245148084
test_id5314,12.627027996100438
test_id5315,11.317357990416276
test_id5316,11.299987464372258
test_id5317,8.898004737889742
test_id5318,11.312915379047148
test_id5319,12.47492109899644
test_id5320,11.674628875140293
test_id5321,12.627564887182793
test_id5322,11.846347508336486
test_id5323,10.4324244162595
test_id5324,11.462077047745098
test_id5325,11.0164345671052
test_id5326,11.245497441414422
test_id5327,12.907409255249512
test_id5328,9.961306430195421
test_id5329,12.799061049482624
test_id5330,11.593750556927354
test_id5331,13.399895838468098
test_id5332,10.654169087167752
test_id5333,12.198264723521945
test_id5334,11.390440506178429
test_id5335,11.972600730191765
test_id5336,10.26373220944567
test_id5337,12.072853273723247
test_id5338,5.979370679980526
test_id5339,10.965062667660028
test_id5340,13.496062224395338
test_id5341,12.959869750269355
test_id5342,12.40757214172664
test_id5343,10.631349103950889
test_id5344,11.033189669053222
test_id5345,11.890670936409286
test_id5346,11.556618246952603
test_id5347,11.488506661388335
test_id5348,11.058205835521996
test_id5349,11.303832801179247
test_id5350,10.667587533277704
test_id5351,10.098935536204174
test_id5352,13.718735439048466
test_id5353,10.930584224698705
test_id5354,11.74919892853682
test_id5355,10.77838471894561
test_id5356,10.648683053010409
test_id5357,10.51325728439371
test_id5358,11.407972231867952
test_id5359,10.974595534151128
test_id5360,10.822903788790605
test_id5361,8.901310986948396
test_id5362,11.325968732389661
test_id5363,10.303555349734914
test_id5364,11.013767744552972
test_id5365,10.300063612938452
test_id5366,11.771424300489748
test_id5367,13.729956508136404
test_id5368,12.722905462959197
test_id5369,11.465809517219178
test_id5370,11.067802147939666
test_id5371,10.648828227859546
test_id5372,11.053536077411835
test_id5373,10.991555475894799
test_id5374,10.768085051971056
test_id5375,12.908158413041086
test_id5376,12.441046472187558
test_id5377,10.801090165359831
test_id5378,8.963614007998991
test_id5379,12.697838311600641
test_id5380,12.830580260801128
test_id5381,10.950744720441627
test_id5382,12.56344321100363
test_id5383,11.12537214862909
test_id5384,11.422008420547876
test_id5385,12.101846006930536
test_id5386,12.507309359191517
test_id5387,11.461187261163637
test_id5388,9.54299587372524
test_id5389,12.496566713745274
test_id5390,11.389313624230198
test_id5391,12.466006058340504
test_id5392,11.110143143272445
test_id5393,12.670827075100483
test_id5394,11.820161433552833
test_id5395,11.170802894087707
test_id5396,12.717556429126127
test_id5397,12.749951145384365
test_id5398,10.33690610060868
test_id5399,13.655672400418773
test_id5400,11.800395169982743
test_id5401,11.731076524487769
test_id5402,12.318284378509674
test_id5403,13.360113415759223
test_id5404,9.090445896960937
test_id5405,11.27361505278035
test_id5406,12.020916057409913
test_id5407,11.578934827494443
test_id5408,11.811631579930513
test_id5409,10.85741306288805
test_id5410,12.358869993947756
test_id5411,12.918967090780825
test_id5412,13.477586886531249
test_id5413,10.837659220148822
test_id5414,12.552428333080051
test_id5415,11.402977894965915
test_id5416,10.680886761591445
test_id5417,10.879743812420166
test_id5418,9.759143588318203
test_id5419,12.909416913771487
test_id5420,11.365801252709922
test_id5421,12.39401179813644
test_id5422,9.804489092015977
test_id5423,9.938124384208834
test_id5424,11.193966578745517
test_id5425,11.828886611248315
test_id5426,10.605181217593149
test_id5427,12.294171164116328
test_id5428,9.2975828032464
test_id5429,12.596540377662599
test_id5430,11.411183414235019
test_id5431,11.718188716610847
test_id5432,13.391879507070321
test_id5433,12.720649024458034
test_id5434,11.063777474544771
test_id5435,11.887572721277174
test_id5436,13.285092888080449
test_id5437,14.49744940237236
test_id5438,8.081504040005328
test_id5439,11.624977429391173
test_id5440,10.915674262140733
test_id5441,11.300504343160306
test_id5442,11.924025417895173
test_id5443,11.087245764231966
test_id5444,11.141394693992162
test_id5445,14.76989379041951
test_id5446,10.740547529548131
test_id5447,11.299763445452022
test_id5448,11.546948881794712
test_id5449,10.53336889814095
test_id5450,12.34535188453085
test_id5451,14.144013934190632
test_id5452,10.429037663958738
test_id5453,12.73226799471454
test_id5454,11.392812641635054
test_id5455,9.494498715756045
test_id5456,10.755552220293787
test_id5457,9.051388834196864
test_id5458,12.386128316430309
test_id5459,10.50538101608003
test_id5460,11.469610158644464
test_id5461,11.336952716876347
test_id5462,11.159769724204487
test_id5463,11.263387943319621
test_id5464,12.459844494266186
test_id5465,11.892899117126326
test_id5466,12.712585237395515
test_id5467,11.667195006095007
test_id5468,10.89326450050104
test_id5469,11.139116078484527
test_id5470,14.636416509747562
test_id5471,13.065169622776416
test_id5472,12.470478246645705
test_id5473,13.514849027458297
test_id5474,11.27466526371282
test_id5475,11.726013759586841
test_id5476,11.292207885919908
test_id5477,11.403844885588732
test_id5478,12.76607774512005
test_id5479,11.332075502662882
test_id5480,11.454398479011509
test_id5481,11.870260346801096
test_id5482,13.326989588406306
test_id5483,11.087317777164678
test_id5484,12.440869196390302
test_id5485,11.4390780071735
test_id5486,10.861990448738815
test_id5487,10.914058354851427
test_id5488,10.912480962230909
test_id5489,11.040749570183337
test_id5490,11.711508125109269
test_id5491,10.27709104209999
test_id5492,12.508221622134748
test_id5493,13.11599013867498
test_id5494,12.63316218588509
test_id5495,11.186786624468475
test_id5496,12.74733873565446
test_id5497,10.330911160508201
test_id5498,6.6701682009038095
test_id5499,11.338788000153095
test_id5500,13.149289067020241
test_id5501,8.774360867086948
test_id5502,13.239222424530844
test_id5503,12.799867767365122
test_id5504,13.921684996056932
test_id5505,11.240473983281596
test_id5506,10.069300768061503
test_id5507,11.986489850302085
test_id5508,12.749205055829435
test_id5509,11.456498539785407
test_id5510,12.991053607281323
test_id5511,12.905547160386064
test_id5512,10.021082185523596
test_id5513,11.660370137970872
test_id5514,10.92643822884316
test_id5515,12.612037378943107
test_id5516,11.701589591375324
test_id5517,10.732150808912479
test_id5518,11.745536620209087
test_id5519,11.910675623461735
test_id5520,12.883078689837724
test_id5521,11.603849521445461
test_id5522,12.209062494077052
test_id5523,12.414542968335873
test_id5524,11.300688644836278
test_id5525,9.502839586876114
test_id5526,12.15249543617059
test_id5527,10.35525982075152
test_id5528,12.975137450917451
test_id5529,11.086342095597765
test_id5530,14.341460563965747
test_id5531,12.713814457324368
test_id5532,12.149631551684067
test_id5533,11.163258366566986
test_id5534,11.268422952081885
test_id5535,10.029771737354807
test_id5536,11.547974549586392
test_id5537,12.535530134812454
test_id5538,11.862944586129494
test_id5539,11.797383853604181
test_id5540,10.76555014078589
test_id5541,12.880319271704685
test_id5542,13.135130990000782
test_id5543,13.524399606793118
test_id5544,12.471204354872711
test_id5545,11.412718117852187
test_id5546,9.497990370059732
test_id5547,12.830491646426587
test_id5548,10.90442932108298
test_id5549,10.087460326462775
test_id5550,12.687834922058322
test_id5551,10.165420868937453
test_id5552,12.673871529967279
test_id5553,12.352221836203107
test_id5554,13.181358326030242
test_id5555,10.862491717531917
test_id5556,11.696262444956943
test_id5557,10.503044784244153
test_id5558,12.395303133230762
test_id5559,12.660887192305815
test_id5560,10.999025590385592
test_id5561,13.392128297819177
test_id5562,12.523103893767264
test_id5563,13.149941700956042
test_id5564,10.730513607350808
test_id5565,11.546991758063903
test_id5566,9.717280579871783
test_id5567,12.145934729722363
test_id5568,13.357066859228816
test_id5569,13.332919593479467
test_id5570,12.435686176341058
test_id5571,11.18076164263789
test_id5572,12.280520454285814
test_id5573,10.669223804519966
test_id5574,12.553581378257938
test_id5575,11.727764254323766
test_id5576,13.248997254371183
test_id5577,11.153589486994413
test_id5578,11.647445378909062
test_id5579,12.738551411118358
test_id5580,10.977875071770633
test_id5581,12.905001139642685
test_id5582,12.574035536151136
test_id5583,13.053861714292871
test_id5584,12.363101893320398
test_id5585,12.700126685414467
test_id5586,10.608285182307057
test_id5587,10.891501537335252
test_id5588,12.430618653577653
test_id5589,10.873957240052526
test_id5590,11.320432781203372
test_id5591,11.011369241599283
test_id5592,10.313995341327335
test_id5593,11.703088446621273
test_id5594,12.642403554228778
test_id5595,10.950734919869127
test_id5596,11.360157088122314
test_id5597,11.006963496349861
test_id5598,12.947771300627196
test_id5599,11.421810473077961
test_id5600,10.967129347836071
test_id5601,10.90018699665658
test_id5602,13.324460425520634
test_id5603,12.49657293905161
test_id5604,12.130707753321609
test_id5605,11.03101507280207
test_id5606,9.574415241516554
test_id5607,12.61976212726153
test_id5608,10.79425361439467
test_id5609,11.393531798835802
test_id5610,10.887516372416783
test_id5611,11.053626634656204
test_id5612,10.397810361686162
test_id5613,14.560064963468285
test_id5614,12.599516045960492
test_id5615,11.14162306948348
test_id5616,11.771293901093692
test_id5617,13.340656715340238
test_id5618,12.641385352226841
test_id5619,10.365758210559903
test_id5620,11.002079739302417
test_id5621,10.972855554039079
test_id5622,13.011053801216555
test_id5623,10.34438324735445
test_id5624,13.013701458695103
test_id5625,10.123928877394356
test_id5626,11.898777609538918
test_id5627,12.72396751276029
test_id5628,12.25737714716957
test_id5629,11.324754931318878
test_id5630,12.650448255395851
test_id5631,13.376845577201387
test_id5632,13.139010438920401
test_id5633,13.434892540744762
test_id5634,11.713319685618004
test_id5635,12.273874158150257
test_id5636,11.456427729378
test_id5637,12.702224395977332
test_id5638,12.028541321774007
test_id5639,12.83483494148718
test_id5640,10.639308986928285
test_id5641,11.05635488163503
test_id5642,12.301263047905273
test_id5643,11.225331473443916
test_id5644,11.538777419452977
test_id5645,11.678630284157563
test_id5646,11.306071703566609
test_id5647,13.049091149881598
test_id5648,11.312677723628319
test_id5649,11.07391865785658
test_id5650,7.94184443743719
test_id5651,11.407135063612479
test_id5652,10.475337072948939
test_id5653,13.403611750537955
test_id5654,13.221768825103261
test_id5655,11.261651168285589
test_id5656,10.923594234548425
test_id5657,11.238256155676126
test_id5658,12.56348210981269
test_id5659,12.584721456907928
test_id5660,12.812294676337494
test_id5661,12.839731444999487
test_id5662,12.927465622317698
test_id5663,12.55617680418868
test_id5664,10.801911675077214
test_id5665,11.757829160959197
test_id5666,9.990520384502084
test_id5667,12.590844745956282
test_id5668,12.464044274402795
test_id5669,14.61537804215758
test_id5670,10.11980350231076
test_id5671,10.607570742667207
test_id5672,14.406952293651777
test_id5673,12.749193451377643
test_id5674,13.036995794289403
test_id5675,10.4642079210644
test_id5676,12.525769575528862
test_id5677,12.134079288744168
test_id5678,11.767257830773453
test_id5679,12.860425065864511
test_id5680,10.241921071454918
test_id5681,10.259745710278487
test_id5682,11.399636405213336
test_id5683,11.437701329293184
test_id5684,12.954771954001409
test_id5685,13.267985541465414
test_id5686,12.929955775734577
test_id5687,13.182236064311404
test_id5688,13.250028061829916
test_id5689,11.036363688109454
test_id5690,11.117366052976479
test_id5691,10.80218771357584
test_id5692,9.970161501175276
test_id5693,12.54888868111572
test_id5694,13.407374205620023
test_id5695,10.361082946439943
test_id5696,13.925424919383012
test_id5697,13.51883333672459
test_id5698,12.457565531001705
test_id5699,11.748506766654081
test_id5700,11.680904278958387
test_id5701,11.706120703543682
test_id5702,9.616648675441638
test_id5703,12.802308823040647
test_id5704,12.094107792486561
test_id5705,9.499992362952419
test_id5706,11.46895109262487
test_id5707,12.616761684421796
test_id5708,7.701485277407841
test_id5709,12.649742205701365
test_id5710,12.85484664875765
test_id5711,11.921588216924498
test_id5712,13.272355946216244
test_id5713,10.857610447892384
test_id5714,10.194203491792301
test_id5715,11.383572519796637
test_id5716,12.745217105510413
test_id5717,12.573881370980779
test_id5718,12.36706488096452
test_id5719,11.79213099959938
test_id5720,12.787819382873131
test_id5721,12.416678627600213
test_id5722,11.701922480828173
test_id5723,8.188128679199636
test_id5724,11.781759052077014
test_id5725,11.038605593231232
test_id5726,12.889346111459083
test_id5727,11.711457904081925
test_id5728,11.398352818079942
test_id5729,8.71713717220468
test_id5730,11.141933163963351
test_id5731,12.139030823470925
test_id5732,13.267170396079727
test_id5733,12.789971333143235
test_id5734,12.68353419448679
test_id5735,12.098001934096423
test_id5736,13.027438656005067
test_id5737,12.65461762613112
test_id5738,12.57515739778173
test_id5739,12.94178520429169
test_id5740,11.855538438656637
test_id5741,10.211616648419728
test_id5742,12.477561476976938
test_id5743,11.455626813995806
test_id5744,11.139499366689442
test_id5745,11.007055672729003
test_id5746,10.49190475746122
test_id5747,9.231993469471561
test_id5748,10.415004908528829
test_id5749,12.439072122920628
test_id5750,10.626038359803097
test_id5751,11.696431837536018
test_id5752,13.265436983792632
test_id5753,13.265075498955873
test_id5754,13.655792011298985
test_id5755,12.593698388442562
test_id5756,10.862503199516603
test_id5757,11.83008990662318
test_id5758,11.703723502674627
test_id5759,11.465485796196681
test_id5760,10.894904359691445
test_id5761,11.015770787251306
test_id5762,11.293080746301094
test_id5763,12.74524810339014
test_id5764,13.267708325997624
test_id5765,12.76003014301611
test_id5766,12.384847550215902
test_id5767,11.11206625211576
test_id5768,12.999072600152623
test_id5769,9.876302346626353
test_id5770,11.111175481906194
test_id5771,10.437967337422343
test_id5772,12.933027725384584
test_id5773,12.923938030138366
test_id5774,12.272810520278036
test_id5775,11.791291082689249
test_id5776,11.316570259014007
test_id5777,10.894573874236919
test_id5778,12.730991036001669
test_id5779,11.360003964395098
test_id5780,12.418308323762503
test_id5781,11.603982038873916
test_id5782,13.362852568812023
test_id5783,10.562280730348057
test_id5784,11.043941263101793
test_id5785,11.090224430986204
test_id5786,12.411143908461916
test_id5787,11.286083133545063
test_id5788,15.170280768438822
test_id5789,12.226034162327657
test_id5790,13.156895240583829
test_id5791,9.619722925595518
test_id5792,11.02614533991676
test_id5793,11.10224942031384
test_id5794,13.051795041907532
test_id5795,11.27161161346924
test_id5796,10.978028884640352
test_id5797,10.556789435674204
test_id5798,11.162392396713052
test_id5799,11.443422297397767
test_id5800,13.358784517078007
test_id5801,11.86296867707761
test_id5802,12.297044725340122
test_id5803,12.8117670187087
test_id5804,12.963063895017733
test_id5805,11.140845455158292
test_id5806,11.740954385163242
test_id5807,12.892624530832272
test_id5808,-8.58670608632584
test_id5809,10.590681934623056
test_id5810,11.188114684023809
test_id5811,17.86562266637442
test_id5812,13.715260062416611
test_id5813,11.004869168618931
test_id5814,9.724933881685168
test_id5815,9.402655510904829
test_id5816,12.928920537778133
test_id5817,10.091751508552242
test_id5818,7.761587646426499
test_id5819,10.091666086767056
test_id5820,13.457987316071062
test_id5821,10.665955616627038
test_id5822,12.973833254958329
test_id5823,13.385643763947847
test_id5824,10.666326867645616
test_id5825,13.6764354804913
test_id5826,11.565159777764734
test_id5827,8.829743987564633
test_id5828,12.633944758642642
test_id5829,12.789935166298115
test_id5830,12.367014067693212
test_id5831,12.75960887753449
test_id5832,11.836073927422625
test_id5833,14.607102076066276
test_id5834,12.538539021616593
test_id5835,12.717196717513943
test_id5836,11.639875351858628
test_id5837,12.495387675740837
test_id5838,11.625438062858244
test_id5839,11.022340109511305
test_id5840,11.53177345094388
test_id5841,11.264968676576068
test_id5842,12.416450769053704
test_id5843,10.592329586330528
test_id5844,12.985707484710979
test_id5845,10.971784843702117
test_id5846,11.470652669920192
test_id5847,12.194247155951281
test_id5848,11.154147583329753
test_id5849,12.929799969886332
test_id5850,11.663563162518386
test_id5851,11.4013677549516
test_id5852,10.712334190563503
test_id5853,12.671323275517302
test_id5854,12.78781282336859
test_id5855,10.730755643610713
test_id5856,13.051922506642171
test_id5857,10.166916754017144
test_id5858,9.5886331635594
test_id5859,10.227049996601032
test_id5860,12.037462956083878
test_id5861,12.285278930695064
test_id5862,11.813762145539009
test_id5863,11.410134545431639
test_id5864,13.350967611186597
test_id5865,12.76011211796213
test_id5866,11.26038738382696
test_id5867,13.183016361689788
test_id5868,10.141419626295622
test_id5869,12.331595751165928
test_id5870,12.38671519350573
test_id5871,10.903645312797757
test_id5872,16.508100428977933
test_id5873,12.658892324758561
test_id5874,11.42382562906559
test_id5875,7.548353730287111
test_id5876,13.328840337309991
test_id5877,9.2206159946303
test_id5878,9.760237999413327
test_id5879,12.313406235859695
test_id5880,11.089818976920206
test_id5881,12.593875258409867
test_id5882,12.985418383788335
test_id5883,12.371137898725912
test_id5884,10.674923910205926
test_id5885,11.040104969355347
test_id5886,11.361777218614797
test_id5887,10.714189749494444
test_id5888,10.852990189831011
test_id5889,10.536171010763965
test_id5890,10.351069987922003
test_id5891,11.686458926955346
test_id5892,12.68942344326691
test_id5893,11.1130422871043
test_id5894,12.938909074665439
test_id5895,12.951124619973335
test_id5896,12.667852769496626
test_id5897,11.3726109261762
test_id5898,13.17864343544462
test_id5899,15.010684337632746
test_id5900,10.371963473575683
test_id5901,13.19737346990481
test_id5902,12.58221288773445
test_id5903,14.72618136742394
test_id5904,11.103883008210666
test_id5905,11.281581658835698
test_id5906,9.988790618101653
test_id5907,10.417911420296313
test_id5908,13.420500584993583
test_id5909,12.509521219166253
test_id5910,9.609258445195017
test_id5911,11.352338099593986
test_id5912,11.049254339518328
test_id5913,13.283948507784658
test_id5914,6.0871734432100695
test_id5915,13.264218799016938
test_id5916,13.620993766642705
test_id5917,11.46980852554254
test_id5918,11.362234615618227
test_id5919,11.209744671050125
test_id5920,12.9406321824085
test_id5921,11.143579503915795
test_id5922,11.902586699371135
test_id5923,10.825161681361102
test_id5924,12.690841263328174
test_id5925,12.461463688968358
test_id5926,12.664765826629306
test_id5927,10.787842369504126
test_id5928,11.74522083548316
test_id5929,11.589539750002665
test_id5930,9.901906582260075
test_id5931,14.670529355131997
test_id5932,12.577929053563672
test_id5933,10.640343768144803
test_id5934,14.760425862299023
test_id5935,12.580077996746859
test_id5936,12.663660046112305
test_id5937,10.40221448304046
test_id5938,13.40932466062587
test_id5939,13.402139070191105
test_id5940,12.901685854402352
test_id5941,12.308648592559074
test_id5942,12.618189064583994
test_id5943,12.719416434252913
test_id5944,10.240928853135884
test_id5945,9.702852517214033
test_id5946,12.661831943289421
test_id5947,10.689413503659559
test_id5948,13.023167840931087
test_id5949,11.9067021921825
test_id5950,12.654488408761843
test_id5951,11.63985759779871
test_id5952,9.664317073632624
test_id5953,11.955803120289943
test_id5954,12.60583297037821
test_id5955,12.690491664992898
test_id5956,11.027927914508545
test_id5957,13.400146877420099
test_id5958,13.293694019827257
test_id5959,12.36478690434209
test_id5960,12.31375186446629
test_id5961,11.201843264279638
test_id5962,11.13137647812136
test_id5963,10.452465948308436
test_id5964,12.197314469710356
test_id5965,8.997771680460211
test_id5966,12.080462458711857
test_id5967,12.685682666044777
test_id5968,12.803963531384603
test_id5969,12.699607609078434
test_id5970,12.94904071990075
test_id5971,13.431526763957343
test_id5972,9.932391230361368
test_id5973,11.426622388282887
test_id5974,12.976570318270767
test_id5975,12.796982274882382
test_id5976,11.157642123651812
test_id5977,15.814755965679126
test_id5978,12.907867908444992
test_id5979,11.287241922330715
test_id5980,10.989569367922932
test_id5981,11.720529824801488
test_id5982,14.48150871577645
test_id5983,12.375546442576216
test_id5984,9.632211464903236
test_id5985,10.730263226842489
test_id5986,12.436874136252868
test_id5987,9.40605902174142
test_id5988,11.620710742852431
test_id5989,11.032566747442281
test_id5990,11.502723872907737
test_id5991,13.08228419451337
test_id5992,12.469582444384294
test_id5993,11.236213491796896
test_id5994,12.443837610755587
test_id5995,10.96746499267838
test_id5996,11.657019115963173
test_id5997,12.662270069493466
test_id5998,11.537644068421052
test_id5999,10.892715010291163
test_id6000,12.772039699834373
test_id6001,9.958263529490814
test_id6002,12.761701792691248
test_id6003,12.349618751879483
test_id6004,12.629500337902186
test_id6005,12.586045614036827
test_id6006,11.293616036519232
test_id6007,11.014095062879711
test_id6008,11.303447059525261
test_id6009,12.752689889974484
test_id6010,11.431668324553051
test_id6011,13.72436785119752
test_id6012,9.70787003461811
test_id6013,11.38973629663412
test_id6014,10.748116905963109
test_id6015,11.03537919926621
test_id6016,10.326919983643307
test_id6017,12.571939017061986
test_id6018,13.000235273964257
test_id6019,12.613570733763673
test_id6020,12.995972818078222
test_id6021,11.51026773145324
test_id6022,11.664329853421108
test_id6023,13.325212973390187
test_id6024,12.497772367657227
test_id6025,12.46108158631565
test_id6026,12.672288387676794
test_id6027,12.601166132454203
test_id6028,11.478168373233025
test_id6029,12.2399391308482
test_id6030,12.85814687926414
test_id6031,13.237079427936628
test_id6032,12.833234423933426
test_id6033,11.35230679818676
test_id6034,10.982696325928103
test_id6035,11.083968820832041
test_id6036,11.486307357025758
test_id6037,10.742898869718992
test_id6038,11.796925600396243
test_id6039,10.473249558701525
test_id6040,11.490681824332121
test_id6041,11.083021009475466
test_id6042,13.180599794799669
test_id6043,12.916391660692746
test_id6044,11.737754103769483
test_id6045,13.381568176961203
test_id6046,12.162247087275837
test_id6047,13.860695525752057
test_id6048,13.66376201769446
test_id6049,11.248202451534063
test_id6050,13.749714655306327
test_id6051,12.85316489510469
test_id6052,11.535825632966628
test_id6053,11.28639041308255
test_id6054,12.884434118590136
test_id6055,11.09763362106397
test_id6056,14.721816163029708
test_id6057,13.075006101127016
test_id6058,12.721571424309282
test_id6059,11.697858803294345
test_id6060,12.612415631066405
test_id6061,12.182884985183854
test_id6062,9.752119363936451
test_id6063,13.051158787281302
test_id6064,12.37049766051657
test_id6065,13.781909024346902
test_id6066,11.243255763095
test_id6067,12.607897383891611
test_id6068,13.134796699481264
test_id6069,16.516831471239122
test_id6070,12.604913778559485
test_id6071,10.894411465853373
test_id6072,11.68264742766683
test_id6073,12.53346447542679
test_id6074,12.720931723300367
test_id6075,10.99067656510723
test_id6076,8.7537864827883
test_id6077,10.802919041599331
test_id6078,13.062686705269755
test_id6079,12.525282810725052
test_id6080,11.300243075823921
test_id6081,11.037297679732312
test_id6082,10.951419375049817
test_id6083,11.539840851576649
test_id6084,1.1006809615216042
test_id6085,10.986325113531457
test_id6086,12.778455416094666
test_id6087,12.457166235300825
test_id6088,11.795723133593519
test_id6089,12.745029733933869
test_id6090,11.388120637746326
test_id6091,10.667713237026213
test_id6092,11.386327448940072
test_id6093,12.30936381282644
test_id6094,13.128872764293526
test_id6095,12.544311977952837
test_id6096,12.790312732432533
test_id6097,9.824164030852366
test_id6098,11.877397648264882
test_id6099,12.973831882368337
test_id6100,11.49676340031047
test_id6101,10.908313337049385
test_id6102,12.369265276338119
test_id6103,10.184384929404665
test_id6104,12.706637438436552
test_id6105,10.886801911422708
test_id6106,12.95650134940231
test_id6107,10.67702186875124
test_id6108,10.703037542909094
test_id6109,13.055084366294231
test_id6110,13.617958911987266
test_id6111,12.21382678986074
test_id6112,9.242490794098323
test_id6113,8.130215886066786
test_id6114,11.25209856910066
test_id6115,9.181122434073338
test_id6116,11.285942808591962
test_id6117,9.659318811943933
test_id6118,13.075022576411236
test_id6119,9.448815453740089
test_id6120,12.552025816881915
test_id6121,11.091085999597944
test_id6122,12.552229602234938
test_id6123,12.721906816791424
test_id6124,12.380994980425179
test_id6125,12.55166529447451
test_id6126,12.472912336342127
test_id6127,12.393296378567364
test_id6128,12.26077769899063
test_id6129,11.05042864916188
test_id6130,11.69792770716493
test_id6131,8.741981331660284
test_id6132,10.926432105491735
test_id6133,6.407759063023825
test_id6134,10.711856096368955
test_id6135,13.712873791419305
test_id6136,11.70612115841616
test_id6137,8.854551564680108
test_id6138,12.771575522254928
test_id6139,12.761002077948959
test_id6140,12.256638657693635
test_id6141,12.200177255419483
test_id6142,13.275771070484886
test_id6143,8.88840683654594
test_id6144,12.486761913835302
test_id6145,9.536342091422462
test_id6146,12.578835628310308
test_id6147,11.802436180024422
test_id6148,12.679039137273598
test_id6149,12.730360812400484
test_id6150,11.131796949914502
test_id6151,15.18088449247437
test_id6152,9.365322353929649
test_id6153,11.154692661617098
test_id6154,12.263784870418576
test_id6155,10.579589330253953
test_id6156,12.807230993168936
test_id6157,10.651559236480246
test_id6158,10.266361867189119
test_id6159,13.084218177547633
test_id6160,11.117127512343735
test_id6161,10.667133710124567
test_id6162,12.877921243614772
test_id6163,11.469393550403787
test_id6164,10.949556909632939
test_id6165,12.90795141958403
test_id6166,13.77975914063699
test_id6167,11.702462318471383
test_id6168,13.313270108425385
test_id6169,22.634723189661862
test_id6170,12.2986562907072
test_id6171,13.113951441609053
test_id6172,12.893900216518311
test_id6173,10.031018893157444
test_id6174,13.024173505321919
test_id6175,12.881618683025287
test_id6176,11.823938055761168
test_id6177,10.558357857533217
test_id6178,9.816471154517401
test_id6179,12.576961115767652
test_id6180,13.732920906000764
test_id6181,11.65119613622921
test_id6182,10.71558190149873
test_id6183,11.4718456623512
test_id6184,11.642919422967246
test_id6185,12.319925694981613
test_id6186,10.571197308929534
test_id6187,10.722619831651848
test_id6188,10.898659226409215
test_id6189,10.920575694052296
test_id6190,9.400828397349201
test_id6191,13.23507478763721
test_id6192,14.87434865873864
test_id6193,11.233072824112206
test_id6194,11.866014749690443
test_id6195,10.019199273841672
test_id6196,10.894046976219201
test_id6197,12.3568989964797
test_id6198,13.737046793630135
test_id6199,6.364784220777217
test_id6200,13.065881789031472
test_id6201,10.65786667072387
test_id6202,12.37794350974439
test_id6203,12.305351176229728
test_id6204,12.555927955646176
test_id6205,11.00511421460002
test_id6206,12.646253277374747
test_id6207,14.591213398905218
test_id6208,12.243792567119804
test_id6209,12.686082159620803
test_id6210,14.40678743129066
test_id6211,12.70670614407394
test_id6212,12.403815656309824
test_id6213,12.9476984323042
test_id6214,13.04774241663069
test_id6215,13.314896604519198
test_id6216,13.500882330029448
test_id6217,10.38294205023476
test_id6218,11.774341519350948
test_id6219,11.567697138474074
test_id6220,12.508341278670962
test_id6221,10.889303237032145
test_id6222,13.427060526721881
test_id6223,9.598431723017164
test_id6224,13.135231336515425
test_id6225,10.717348653958823
test_id6226,12.690654943728141
test_id6227,12.843347204709893
test_id6228,13.291017566936652
test_id6229,13.04663119122511
test_id6230,13.073034702631965
test_id6231,11.80138286219077
test_id6232,10.89407621671078
test_id6233,10.76474178776548
test_id6234,11.118832245297988
test_id6235,11.679509314928247
test_id6236,13.328577514559385
test_id6237,10.916249184357632
test_id6238,13.729275783220743
test_id6239,12.463826948072757
test_id6240,12.64083046518406
test_id6241,12.368011108581072
test_id6242,9.95575184807769
test_id6243,11.400481731555239
test_id6244,11.571593350582354
test_id6245,12.895124337103411
test_id6246,11.145100026609619
test_id6247,10.304699832005163
test_id6248,12.316214223259003
test_id6249,9.527797226937416
test_id6250,10.863682406202095
test_id6251,12.915431830986243
test_id6252,11.389494599997796
test_id6253,11.88761985670093
test_id6254,11.743152349785468
test_id6255,12.863393358254932
test_id6256,12.69067796437303
test_id6257,12.841465399193801
test_id6258,12.538880133881058
test_id6259,11.606948963107065
test_id6260,11.434144067610312
test_id6261,12.342285671212188
test_id6262,13.07832108609204
test_id6263,6.953678511720099
test_id6264,11.468446202067412
test_id6265,5.425263691041685
test_id6266,12.685464201961345
test_id6267,11.274845387532729
test_id6268,8.53918160893987
test_id6269,10.309983391696257
test_id6270,13.18362423885607
test_id6271,13.618235520594148
test_id6272,11.465172590890383
test_id6273,12.50241673264275
test_id6274,10.402129210766638
test_id6275,9.231098104979587
test_id6276,10.249885659333621
test_id6277,11.31164719559748
test_id6278,10.390116981916414
test_id6279,10.946813368647199
test_id6280,13.343852105037662
test_id6281,12.666386355722729
test_id6282,10.85946626108447
test_id6283,12.51149822543789
test_id6284,12.732978227544756
test_id6285,12.261950283429336
test_id6286,10.687116289943695
test_id6287,10.61287964578299
test_id6288,12.998507454648
test_id6289,12.920383775057054
test_id6290,12.658323136495277
test_id6291,12.11244558214127
test_id6292,12.307101115281888
test_id6293,12.809962602016945
test_id6294,10.426967619999921
test_id6295,12.78308193769221
test_id6296,10.983987863795015
test_id6297,12.611449733799638
test_id6298,10.996915588505168
test_id6299,13.386682549856587
test_id6300,14.40796029706042
test_id6301,13.135509183211184
test_id6302,11.442746616086247
test_id6303,14.98750029197165
test_id6304,12.914445975616502
test_id6305,11.17359727793417
test_id6306,12.655837203630291
test_id6307,11.235590272175948
test_id6308,15.290399431350622
test_id6309,10.889775874976927
test_id6310,12.84064888045797
test_id6311,12.563203851185428
test_id6312,10.64840124501
test_id6313,11.444209615032555
test_id6314,13.383007613188262
test_id6315,12.74029932744456
test_id6316,10.89400033858928
test_id6317,14.34331481326619
test_id6318,12.981096716114713
test_id6319,11.338249907914864
test_id6320,11.022440039421916
test_id6321,12.151067492200049
test_id6322,11.295229931551056
test_id6323,11.72327282548661
test_id6324,10.294772952963704
test_id6325,13.435636456339147
test_id6326,13.499262839201336
test_id6327,12.92138926032272
test_id6328,6.124175515368158
test_id6329,13.45317642835775
test_id6330,12.314117399619967
test_id6331,12.56302036832583
test_id6332,11.822795251479924
test_id6333,12.694382001254851
test_id6334,11.129397520562527
test_id6335,11.746360101169849
test_id6336,12.69027915868056
test_id6337,11.544680626771587
test_id6338,11.91758660685148
test_id6339,10.798626902936228
test_id6340,10.977354825191647
test_id6341,13.272083816514495
test_id6342,12.083175803981597
test_id6343,12.751693034911135
test_id6344,11.25093818314489
test_id6345,11.454906538654178
test_id6346,12.33429292772211
test_id6347,10.107649056357438
test_id6348,12.940788450465455
test_id6349,12.991480939500669
test_id6350,9.780785004116417
test_id6351,11.85601925322944
test_id6352,10.647096187786047
test_id6353,12.562387554473297
test_id6354,12.788128916093605
test_id6355,12.572638947593667
test_id6356,12.463595010452252
test_id6357,12.445637884493912
test_id6358,14.313765162187657
test_id6359,11.43583141368763
test_id6360,11.170438822561124
test_id6361,12.643115216389369
test_id6362,12.52604368578239
test_id6363,11.010268125396301
test_id6364,11.316718522381613
test_id6365,12.672088404825494
test_id6366,11.376081272235758
test_id6367,11.700415153182142
test_id6368,12.53374049647767
test_id6369,13.649874656880463
test_id6370,11.005004885078456
test_id6371,11.361852550444574
test_id6372,11.660022960447257
test_id6373,12.645960621414055
test_id6374,11.459665821374024
test_id6375,11.358148110080641
test_id6376,11.426726516716684
test_id6377,15.170459117506041
test_id6378,6.933975024984285
test_id6379,3.9947358336356658
test_id6380,13.30063285277685
test_id6381,12.236165579298365
test_id6382,10.965432121482806
test_id6383,12.339112133295409
test_id6384,12.402498057753427
test_id6385,12.771329047569346
test_id6386,8.628806103762635
test_id6387,12.467477658818545
test_id6388,11.738710283875633
test_id6389,13.219323843832932
test_id6390,10.565320078971688
test_id6391,10.656214546046236
test_id6392,13.583389267411441
test_id6393,14.907477609913045
test_id6394,11.080789733375184
test_id6395,12.74200615254555
test_id6396,10.63698769115566
test_id6397,11.015462930080538
test_id6398,10.788344869170935
test_id6399,12.55219044087901
test_id6400,12.570050216869298
test_id6401,12.701023979494444
test_id6402,13.636559027780706
test_id6403,12.835625512932616
test_id6404,12.596327372957305
test_id6405,10.607703976795058
test_id6406,12.08916888330777
test_id6407,10.149552276016955
test_id6408,10.533165970633263
test_id6409,11.205881591083774
test_id6410,9.221799970385355
test_id6411,9.437935710185236
test_id6412,13.208290928040732
test_id6413,10.804077022931203
test_id6414,9.804861487950546
test_id6415,12.768671878423028
test_id6416,12.050340548164122
test_id6417,10.449038683158946
test_id6418,11.82772658791773
test_id6419,12.402947901920086
test_id6420,12.709473245835433
test_id6421,13.530388875930377
test_id6422,11.564322648833972
test_id6423,11.276392704640223
test_id6424,13.284471867064646
test_id6425,11.668559380186856
test_id6426,13.921083711044993
test_id6427,12.886106713754295
test_id6428,13.023556124771858
test_id6429,12.330602415041774
test_id6430,12.863165326489643
test_id6431,11.582658912397328
test_id6432,13.996059297262839
test_id6433,11.582208840783906
test_id6434,13.438961055850868
test_id6435,11.890338724477552
test_id6436,13.246232413741915
test_id6437,12.979007983098462
test_id6438,9.26605590754027
test_id6439,9.911517800946335
test_id6440,11.020870373670654
test_id6441,13.502677140696711
test_id6442,10.49643532699816
test_id6443,12.554899195045074
test_id6444,12.86825074022368
test_id6445,11.190584211622706
test_id6446,10.827304508731864
test_id6447,12.4895083894882
test_id6448,11.269766611092315
test_id6449,11.282633347031847
test_id6450,10.474652762774241
test_id6451,12.693947684435791
test_id6452,9.316073459852923
test_id6453,11.52274862616013
test_id6454,12.252931569370098
test_id6455,12.94140753963957
test_id6456,13.010067870209163
test_id6457,12.852259865347229
test_id6458,11.21243036447973
test_id6459,14.081757234561188
test_id6460,11.895429904664852
test_id6461,12.133116479036225
test_id6462,11.75434123357136
test_id6463,9.972945560163701
test_id6464,10.73851018415958
test_id6465,13.262533581742822
test_id6466,11.272144645837919
test_id6467,9.710894193382991
test_id6468,11.01229331366487
test_id6469,11.709006544718761
test_id6470,13.371442860143581
test_id6471,13.280838010709438
test_id6472,11.203770229049582
test_id6473,13.006459648430386
test_id6474,12.237782204079771
test_id6475,12.53755106660337
test_id6476,11.618874534662304
test_id6477,13.468586619450406
test_id6478,12.547938069781978
test_id6479,13.345853374222855
test_id6480,12.911205031652038
test_id6481,11.61068359094881
test_id6482,11.290366517457734
test_id6483,12.619506120195972
test_id6484,12.602629195672101
test_id6485,11.53809340042168
test_id6486,10.079653329565183
test_id6487,13.663005131285693
test_id6488,11.663535639150673
test_id6489,12.023236155014068
test_id6490,11.28669673253976
test_id6491,12.364822549316223
test_id6492,11.08206239398509
test_id6493,11.009038636801698
test_id6494,11.280813852697086
test_id6495,10.982635783267476
test_id6496,10.047462041276404
test_id6497,11.202667829415176
test_id6498,10.779881453011718
test_id6499,10.805786622903476
test_id6500,11.35136059711595
test_id6501,7.650839160439524
test_id6502,10.882985296712583
test_id6503,12.638278736047958
test_id6504,11.472035567479104
test_id6505,13.684228649039518
test_id6506,13.164168219722228
test_id6507,10.613382271055094
test_id6508,12.759780162740519
test_id6509,10.56568241613963
test_id6510,11.32247339801399
test_id6511,11.259401190772842
test_id6512,10.3998260303621
test_id6513,11.497517475180793
test_id6514,11.483814926806637
test_id6515,11.698501102113717
test_id6516,10.20570109659861
test_id6517,10.976944611563376
test_id6518,10.572637661217946
test_id6519,12.679564882813601
test_id6520,11.832508796408796
test_id6521,12.726232210257315
test_id6522,10.613649308111412
test_id6523,11.400471669212699
test_id6524,14.36621900898782
test_id6525,10.565954683871958
test_id6526,13.267608716213651
test_id6527,11.694686178912669
test_id6528,12.606837262868346
test_id6529,11.198990464140891
test_id6530,10.510632388465915
test_id6531,12.682949185428022
test_id6532,11.05341915468837
test_id6533,12.85781945189995
test_id6534,11.235669744700338
test_id6535,10.466680733330058
test_id6536,13.14328254839291
test_id6537,12.333363663007702
test_id6538,12.826165144561976
test_id6539,13.653376698581745
test_id6540,13.48486991803501
test_id6541,11.84158921205384
test_id6542,12.902264929751517
test_id6543,11.276985928132042
test_id6544,12.82744655895791
test_id6545,13.263432341165554
test_id6546,11.713978952707038
test_id6547,11.69478018101244
test_id6548,9.841173612118304
test_id6549,13.24859190591011
test_id6550,12.714811364011943
test_id6551,10.427096821981358
test_id6552,13.625465560593561
test_id6553,11.89429958582921
test_id6554,12.327223204542783
test_id6555,10.850039575829193
test_id6556,12.431305405815884
test_id6557,12.392450470091482
test_id6558,12.763976751039287
test_id6559,10.905139650794347
test_id6560,12.58991411189627
test_id6561,11.696715252661342
test_id6562,9.898192833425185
test_id6563,11.06732961522512
test_id6564,12.600409318064614
test_id6565,11.363630667825156
test_id6566,12.312227669971897
test_id6567,11.292521163895096
test_id6568,12.645550903689532
test_id6569,11.042855565982258
test_id6570,12.304593835217268
test_id6571,11.200479987479774
test_id6572,11.319110987915835
test_id6573,12.91854803350958
test_id6574,12.530746181495026
test_id6575,11.429321571708961
test_id6576,11.386100923038605
test_id6577,12.856365088109989
test_id6578,13.04235700833366
test_id6579,11.448558764882428
test_id6580,12.543046108662907
test_id6581,11.276868995266014
test_id6582,9.732672691609174
test_id6583,10.977864755489435
test_id6584,10.597421564729906
test_id6585,8.463768926961059
test_id6586,11.23084273384152
test_id6587,9.7677365450268
test_id6588,11.124251316923996
test_id6589,12.794322336453668
test_id6590,12.685236953795986
test_id6591,3.8539950806096073
test_id6592,11.5301441407425
test_id6593,11.313989288023016
test_id6594,11.660862731673433
test_id6595,12.169006518472813
test_id6596,12.864827219690163
test_id6597,10.923490695817215
test_id6598,11.39053951313688
test_id6599,9.492041007511872
test_id6600,11.226507449409517
test_id6601,11.084939722144654
test_id6602,12.070325889414868
test_id6603,12.980277786704796
test_id6604,12.246765178502478
test_id6605,11.982408149033482
test_id6606,13.046807181814948
test_id6607,10.557395144169057
test_id6608,9.698663930037874
test_id6609,12.799380817531762
test_id6610,11.872582269720283
test_id6611,11.774269813173923
test_id6612,13.502512460982906
test_id6613,12.786735039009365
test_id6614,12.88271867466866
test_id6615,12.73892768542931
test_id6616,11.754739585361612
test_id6617,13.088447378273209
test_id6618,11.069258274484604
test_id6619,12.688534883000585
test_id6620,13.308400244194168
test_id6621,13.279643513488558
test_id6622,9.128147071988089
test_id6623,11.289279655294493
test_id6624,11.076058267987626
test_id6625,12.664772839153564
test_id6626,10.742011413982809
test_id6627,11.615321639941271
test_id6628,11.651236444948218
test_id6629,11.40648817477961
test_id6630,13.46532932560698
test_id6631,12.961563671631843
test_id6632,12.754844411944013
test_id6633,12.097873394726285
test_id6634,12.240495277136482
test_id6635,11.763517921839473
test_id6636,13.71585885351557
test_id6637,7.558014232236268
test_id6638,11.813479809245727
test_id6639,10.71097064615089
test_id6640,9.829137804666516
test_id6641,10.987500971660758
test_id6642,13.056434368495786
test_id6643,-9.447064142540263
test_id6644,10.007341609114945
test_id6645,13.247205086585545
test_id6646,12.939368587144337
test_id6647,10.761805650981088
test_id6648,11.670693132153055
test_id6649,11.490429475823213
test_id6650,10.69710332317586
test_id6651,10.674101177413846
test_id6652,11.491435087421301
test_id6653,11.612605902829522
test_id6654,12.406060043895216
test_id6655,11.484398135706776
test_id6656,11.247244045652586
test_id6657,12.426376186269785
test_id6658,11.86774910929335
test_id6659,9.548153586751077
test_id6660,11.71994997606972
test_id6661,12.319403864352843
test_id6662,1.9116478797850434
test_id6663,11.319649118459068
test_id6664,12.545530673211111
test_id6665,12.336297626615767
test_id6666,11.069987973159549
test_id6667,10.854782203810977
test_id6668,11.195492059303241
test_id6669,17.174141540588856
test_id6670,11.002444444240602
test_id6671,11.359592320230988
test_id6672,12.837765144752346
test_id6673,11.536694839418352
test_id6674,12.44038965955452
test_id6675,11.360954651257366
test_id6676,11.465238597659969
test_id6677,10.722933132576564
test_id6678,11.852276427844366
test_id6679,12.724211540789518
test_id6680,9.454832608003024
test_id6681,13.934984879459812
test_id6682,13.015259610139076
test_id6683,11.439611125139088
test_id6684,13.383295675023703
test_id6685,11.914230136722388
test_id6686,11.379557794230514
test_id6687,11.589674078599394
test_id6688,11.837398480367334
test_id6689,10.973122288729947
test_id6690,12.306721034556908
test_id6691,11.086784975264536
test_id6692,11.90209037071034
test_id6693,15.19298842214458
test_id6694,12.80578122932527
test_id6695,9.505871984082198
test_id6696,13.037410937074178
test_id6697,13.560878374780039
test_id6698,15.648970252106913
test_id6699,13.24693007022541
test_id6700,11.109098670918705
test_id6701,10.633824566999856
test_id6702,13.054144555181232
test_id6703,11.509573862322995
test_id6704,11.092446549589432
test_id6705,12.435383752928324
test_id6706,10.072743806751014
test_id6707,11.709858233800759
test_id6708,11.216940202326036
test_id6709,13.686889345813803
test_id6710,-11.554117175764631
test_id6711,12.490303474737487
test_id6712,10.968270210394344
test_id6713,12.206449843553166
test_id6714,11.370780650663605
test_id6715,12.744254612304282
test_id6716,11.680779822900668
test_id6717,11.561752674017889
test_id6718,13.597758317054932
test_id6719,12.697436686335145
test_id6720,13.532214723178903
test_id6721,11.971837382585967
test_id6722,11.611969683655111
test_id6723,10.113119167519578
test_id6724,11.706837772615707
test_id6725,10.891093122143737
test_id6726,12.948092744982162
test_id6727,12.993615135509138
test_id6728,11.762258013935202
test_id6729,13.799305412891208
test_id6730,12.391945579119536
test_id6731,12.423923119031464
test_id6732,12.909943572476344
test_id6733,2.4575549916607784
test_id6734,11.418505635192012
test_id6735,11.138998194221188
test_id6736,10.992310756687779
test_id6737,11.641436405964065
test_id6738,12.629914621363746
test_id6739,12.917054237734327
test_id6740,12.699442538882373
test_id6741,12.691789942949505
test_id6742,12.723242234631769
test_id6743,12.295653561469727
test_id6744,10.394453351336324
test_id6745,11.474221524896592
test_id6746,11.677033977762925
test_id6747,12.493257134256687
test_id6748,12.782503466301911
test_id6749,12.28619517307947
test_id6750,12.455786058723596
test_id6751,12.719949861391179
test_id6752,12.55427829347402
test_id6753,12.616559178728501
test_id6754,11.744473148686502
test_id6755,15.286040765977667
test_id6756,10.730882304916513
test_id6757,12.542508988766265
test_id6758,12.903633376150914
test_id6759,13.079446560526542
test_id6760,13.069690451325606
test_id6761,11.197655118004697
test_id6762,12.631241964961966
test_id6763,12.458470992574092
test_id6764,13.398396855245174
test_id6765,11.112378372813076
test_id6766,3.684753515982976
test_id6767,10.921593757793936
test_id6768,10.899847220304864
test_id6769,10.837531604609985
test_id6770,12.293223926189718
test_id6771,12.682270326963483
test_id6772,11.225924131244689
test_id6773,11.549259457430374
test_id6774,12.244740295871658
test_id6775,11.359391864632236
test_id6776,11.044685657200525
test_id6777,13.708711031086004
test_id6778,12.649875193600458
test_id6779,12.59945748100683
test_id6780,10.679850264935006
test_id6781,12.534093471688301
test_id6782,12.21075213132115
test_id6783,11.969520378203306
test_id6784,12.369159835341911
test_id6785,12.88938007287242
test_id6786,11.210271346626193
test_id6787,13.019681274789612
test_id6788,12.52516043376474
test_id6789,12.384049591018353
test_id6790,11.63622473308984
test_id6791,11.703164430384113
test_id6792,10.657840899160256
test_id6793,10.52523523318532
test_id6794,6.664457430958734
test_id6795,12.627376810992253
test_id6796,11.119584053043575
test_id6797,11.761832953337489
test_id6798,12.784976259304521
test_id6799,13.410896728854318
test_id6800,10.994129345607924
test_id6801,12.702282469103288
test_id6802,11.307171594519694
test_id6803,11.276362325471958
test_id6804,11.23631508574261
test_id6805,11.532952767364442
test_id6806,10.894010572599491
test_id6807,9.250249455865138
test_id6808,11.965848239484494
test_id6809,11.345803509247737
test_id6810,11.022147475637816
test_id6811,10.714584105867381
test_id6812,11.339593328774306
test_id6813,11.081271762109573
test_id6814,13.593496370915716
test_id6815,11.227608102773523
test_id6816,11.201841983624995
test_id6817,10.83217456993146
test_id6818,13.512427148908138
test_id6819,11.104406034804072
test_id6820,11.770395791811012
test_id6821,12.075686485603619
test_id6822,9.759265900478873
test_id6823,11.022482996048517
test_id6824,11.176259053703383
test_id6825,13.652447888416589
test_id6826,9.547800554796503
test_id6827,10.906338917227608
test_id6828,11.044666431598351
test_id6829,13.416067051792517
test_id6830,13.315894717571624
test_id6831,12.132389244932206
test_id6832,11.184453120881692
test_id6833,11.459794378121252
test_id6834,9.897523426360117
test_id6835,11.08179679960292
test_id6836,8.780375057154806
test_id6837,11.744122195397004
test_id6838,11.81960191613397
test_id6839,10.834734865743968
test_id6840,7.804913875697856
test_id6841,13.661443761957564
test_id6842,7.10654355468791
test_id6843,12.72382967609147
test_id6844,12.998531885872062
test_id6845,12.476982056919432
test_id6846,12.782706371020232
test_id6847,12.601891559244628
test_id6848,12.754071650107484
test_id6849,14.097706063502223
test_id6850,12.63930378664758
test_id6851,11.572434018196823
test_id6852,11.180751795185536
test_id6853,11.581480516031277
test_id6854,14.47965201959176
test_id6855,10.472911341115527
test_id6856,11.481893035680635
test_id6857,11.506292558519966
test_id6858,11.334903086981377
test_id6859,13.271694355096194
test_id6860,12.793801182192148
test_id6861,9.906653351235555
test_id6862,11.205381821733475
test_id6863,12.021299923399916
test_id6864,12.567824049637558
test_id6865,11.71348330438601
test_id6866,14.125977546507762
test_id6867,14.48031632177996
test_id6868,14.805768162132075
test_id6869,10.87400251732614
test_id6870,12.388961003073696
test_id6871,12.571563257353667
test_id6872,10.186273093513925
test_id6873,10.914163836705931
test_id6874,11.231713458619808
test_id6875,12.693589723980566
test_id6876,11.50158961435492
test_id6877,14.981625092485835
test_id6878,11.310095152220732
test_id6879,12.50322385028327
test_id6880,12.93499210609
test_id6881,10.757745982594948
test_id6882,11.117295323616723
test_id6883,10.315484683214336
test_id6884,12.54511389410569
test_id6885,11.265310353142844
test_id6886,13.313158639611224
test_id6887,12.740446306877722
test_id6888,13.359916773107457
test_id6889,13.318800278489782
test_id6890,13.392213479378718
test_id6891,10.963829554910347
test_id6892,9.457985555181516
test_id6893,11.224659121261759
test_id6894,13.196083106358422
test_id6895,14.63425008767198
test_id6896,12.694250920317266
test_id6897,13.07014268957348
test_id6898,10.408906008505049
test_id6899,11.420604716469114
test_id6900,10.09919736501616
test_id6901,12.681004914084973
test_id6902,12.341186548967066
test_id6903,10.920157149682389
test_id6904,10.040819114319724
test_id6905,12.623342360880677
test_id6906,11.339834241479402
test_id6907,8.93109670714557
test_id6908,12.411997121688906
test_id6909,8.094256657958951
test_id6910,11.013949547259152
test_id6911,10.74464684384045
test_id6912,11.193416747597873
test_id6913,12.826312802653298
test_id6914,12.308087629816107
test_id6915,11.692122237232773
test_id6916,12.568529329875354
test_id6917,11.4468092856009
test_id6918,12.633866505572115
test_id6919,11.026256893013162
test_id6920,11.24223454383371
test_id6921,10.721237081106644
test_id6922,9.89100879256818
test_id6923,11.372372643033351
test_id6924,12.280557509967345
test_id6925,12.216543540903906
test_id6926,12.569161555684381
test_id6927,11.944642247528428
test_id6928,12.278482261446094
test_id6929,10.281346046284611
test_id6930,11.615824260228756
test_id6931,11.099983186337688
test_id6932,11.156266832291372
test_id6933,13.45973685956006
test_id6934,11.153981295634857
test_id6935,12.753448069602364
test_id6936,10.971132619129072
test_id6937,11.412479818650304
test_id6938,11.88361484846238
test_id6939,13.370166238043886
test_id6940,11.172967743082175
test_id6941,13.42875349573319
test_id6942,6.750900647517049
test_id6943,13.064927936230426
test_id6944,13.518422461899213
test_id6945,12.26281117393264
test_id6946,9.856767469745172
test_id6947,12.300436748646625
test_id6948,13.426527680144552
test_id6949,13.137420877621004
test_id6950,13.463882771439202
test_id6951,12.897981085772948
test_id6952,12.99899081120926
test_id6953,11.267138626723039
test_id6954,11.781643603691585
test_id6955,10.906939223681043
test_id6956,12.771038095674662
test_id6957,12.298792354506823
test_id6958,12.894623900653578
test_id6959,12.572523435929064
test_id6960,12.671382845672078
test_id6961,12.956710275339304
test_id6962,13.213030020656369
test_id6963,12.881059172838853
test_id6964,10.110289452793005
test_id6965,13.412665678503679
test_id6966,12.612747668797837
test_id6967,12.812500920856074
test_id6968,13.039914120519462
test_id6969,11.823216700020005
test_id6970,10.845080105337672
test_id6971,12.097799140312894
test_id6972,12.650000586947122
test_id6973,10.377024651408881
test_id6974,12.7754503861294
test_id6975,11.545385252688696
test_id6976,12.49013712512032
test_id6977,9.454693412187076
test_id6978,10.769697923782807
test_id6979,10.38599443346012
test_id6980,12.378374512722061
test_id6981,12.798753080182273
test_id6982,12.387934146417969
test_id6983,11.427695697921003
test_id6984,12.553664160060357
test_id6985,11.21637027296864
test_id6986,11.633883918115998
test_id6987,10.157924207746113
test_id6988,12.673092107197299
test_id6989,12.738988504967004
test_id6990,12.359510953745051
test_id6991,12.84500798376046
test_id6992,10.40103180690516
test_id6993,12.758896646617202
test_id6994,11.45683983835
test_id6995,11.290790479830214
test_id6996,9.855841458059821
test_id6997,12.425137382702225
test_id6998,10.819963900008645
test_id6999,10.454759465799611
test_id7000,11.838648108850983
test_id7001,12.616976655055389
test_id7002,10.376908995118562
test_id7003,12.822605114466036
test_id7004,11.64228238016321
test_id7005,10.93533563239081
test_id7006,12.24706704439398
test_id7007,13.609373381347517
test_id7008,12.595219113510858
test_id7009,12.752588639105618
test_id7010,12.761598020230728
test_id7011,12.373680909441049
test_id7012,12.927907494110606
test_id7013,13.123857126819722
test_id7014,9.879789596042777
test_id7015,10.05532639999575
test_id7016,11.26508634322402
test_id7017,9.4013523728729
test_id7018,12.836808054107394
test_id7019,6.85989890974421
test_id7020,11.055620563063158
test_id7021,10.58596930968222
test_id7022,6.289499033756989
test_id7023,11.32842059439217
test_id7024,12.124810106026466
test_id7025,11.670090954588282
test_id7026,11.424074874499745
test_id7027,12.988728854477749
test_id7028,15.04379320447132
test_id7029,11.02543404399794
test_id7030,10.769770547249372
test_id7031,12.62916179426292
test_id7032,12.739417102811053
test_id7033,12.620579300975358
test_id7034,11.249753883498322
test_id7035,10.63275821416314
test_id7036,11.684243364501128
test_id7037,13.602661927397854
test_id7038,12.488505667974955
test_id7039,11.531664849537343
test_id7040,10.642583294780998
test_id7041,13.388035972045365
test_id7042,10.643462776073513
test_id7043,10.93571491330406
test_id7044,14.937130262216279
test_id7045,12.650065524249364
test_id7046,12.89323738997156
test_id7047,11.529441252335666
test_id7048,10.775501027184426
test_id7049,11.503783677336052
test_id7050,12.223155104659789
test_id7051,12.73719396708033
test_id7052,10.538763241069454
test_id7053,10.591524848219485
test_id7054,8.938692239119682
test_id7055,12.86485423583288
test_id7056,12.558300486196778
test_id7057,13.571706311909537
test_id7058,13.735775374525737
test_id7059,11.47275504344379
test_id7060,10.2254980925047
test_id7061,11.28884469460607
test_id7062,12.892287370842972
test_id7063,12.846295819552203
test_id7064,11.29358783694773
test_id7065,13.581587196007028
test_id7066,11.289686656324967
test_id7067,12.535234568839265
test_id7068,10.908559486331711
test_id7069,11.823638131165957
test_id7070,12.856913725963643
test_id7071,12.682430856960742
test_id7072,12.699185168098658
test_id7073,12.854581962846346
test_id7074,11.687998159964245
test_id7075,7.849034061721106
test_id7076,12.657638850672065
test_id7077,12.533939118168654
test_id7078,11.19347381831681
test_id7079,12.636264029807649
test_id7080,10.181346971273463
test_id7081,11.692740247614076
test_id7082,11.627597735304683
test_id7083,12.013309896464115
test_id7084,11.29591923895483
test_id7085,11.641873053106075
test_id7086,12.878372851815804
test_id7087,11.054742146953494
test_id7088,10.456368388962936
test_id7089,10.903244819513453
test_id7090,7.034310641224224
test_id7091,10.599121234509873
test_id7092,12.965002043230484
test_id7093,11.122953390059727
test_id7094,11.648146961184914
test_id7095,8.935868407419996
test_id7096,13.716619869662303
test_id7097,11.764977465628498
test_id7098,10.008060735706856
test_id7099,9.687358874074476
test_id7100,9.77058025130259
test_id7101,12.366663130058676
test_id7102,12.391490957840155
test_id7103,12.83967366465373
test_id7104,12.771039986302576
test_id7105,12.55873480270521
test_id7106,11.145101978946698
test_id7107,12.982979198325438
test_id7108,13.57489835669952
test_id7109,10.921777032591955
test_id7110,12.915806524423722
test_id7111,12.844797873995908
test_id7112,11.395419961726539
test_id7113,14.183484168495944
test_id7114,10.867699190009063
test_id7115,11.651544959193792
test_id7116,11.236672357855781
test_id7117,13.260010029731838
test_id7118,13.198963868224176
test_id7119,10.787322767000468
test_id7120,11.566320850535284
test_id7121,12.69755834402708
test_id7122,10.877484746805685
test_id7123,8.681519138373083
test_id7124,12.344143704310468
test_id7125,11.10400121824437
test_id7126,11.071618862300127
test_id7127,9.918839908212881
test_id7128,11.28116543857874
test_id7129,11.264951371811854
test_id7130,11.027835695483269
test_id7131,12.732743676350204
test_id7132,9.189557195016363
test_id7133,10.951619870391674
test_id7134,12.456688903366931
test_id7135,11.206706546654978
test_id7136,10.158391941410663
test_id7137,11.7458300438171
test_id7138,11.75482336207537
test_id7139,11.366659731987802
test_id7140,11.097968118472558
test_id7141,10.897118939918592
test_id7142,11.302626611353809
test_id7143,11.20012105474283
test_id7144,14.008679189329378
test_id7145,13.183073245655471
test_id7146,11.7813311804208
test_id7147,12.78023968388083
test_id7148,15.036575381236638
test_id7149,10.974342540416153
test_id7150,11.773651906098216
test_id7151,11.509449473736886
test_id7152,11.501319944057379
test_id7153,12.964493946731046
test_id7154,12.553435510628326
test_id7155,12.195583280089188
test_id7156,13.527768978766439
test_id7157,12.502958803114787
test_id7158,12.439197746339687
test_id7159,9.035301051235002
test_id7160,12.289427369448724
test_id7161,14.53335737723598
test_id7162,13.175259934818193
test_id7163,11.819102042999901
test_id7164,12.394366167838946
test_id7165,10.2522119716998
test_id7166,13.345335134312926
test_id7167,12.696700338013876
test_id7168,10.261879814775071
test_id7169,11.287177644544848
test_id7170,12.255603285515335
test_id7171,10.764467564182453
test_id7172,12.55636984089589
test_id7173,11.38740630312028
test_id7174,11.434135054162745
test_id7175,12.585292940071128
test_id7176,11.75274262744609
test_id7177,11.233825515600152
test_id7178,10.485883924141127
test_id7179,8.113047829091656
test_id7180,12.922483883157064
test_id7181,11.066954841429343
test_id7182,12.807161386371618
test_id7183,12.713439831505163
test_id7184,12.712563999829648
test_id7185,12.769627836985336
test_id7186,14.122625283614646
test_id7187,12.777466034088775
test_id7188,12.871610313967771
test_id7189,11.576390423679918
test_id7190,12.541888746754204
test_id7191,11.408425188582761
test_id7192,12.634612488952591
test_id7193,11.661550460464646
test_id7194,13.416183664913483
test_id7195,13.325286977843824
test_id7196,11.40871514654139
test_id7197,12.889974599161043
test_id7198,9.926504166433126
test_id7199,10.509368825962405
test_id7200,11.676316911812087
test_id7201,12.934348919131345
test_id7202,11.233946579178784
test_id7203,11.46575319136003
test_id7204,12.457459852866954
test_id7205,12.768454127172184
test_id7206,11.554966317066778
test_id7207,11.251085744766932
test_id7208,10.269296887301941
test_id7209,12.672160725819005
test_id7210,9.123922168045027
test_id7211,11.117496559532846
test_id7212,12.282588432815452
test_id7213,8.488033203036856
test_id7214,10.175821629120371
test_id7215,12.886536921257935
test_id7216,13.40528445190634
test_id7217,12.74071406328266
test_id7218,11.521284386354388
test_id7219,12.66266624827157
test_id7220,11.116364166346123
test_id7221,10.550424886533925
test_id7222,9.15677630288284
test_id7223,11.425191871296384
test_id7224,12.666167637852645
test_id7225,11.426195668990125
test_id7226,9.308802515680235
test_id7227,13.225232886400484
test_id7228,12.400948367535548
test_id7229,12.435050535381812
test_id7230,11.283746220241845
test_id7231,-52.95459240318121
test_id7232,10.708075021647154
test_id7233,12.184006649996782
test_id7234,10.41638688476656
test_id7235,10.591079953889555
test_id7236,11.503270324959253
test_id7237,12.440703169169247
test_id7238,11.605492569640923
test_id7239,11.316756626873406
test_id7240,11.027567791000813
test_id7241,10.625869145491272
test_id7242,11.534675173421931
test_id7243,12.305880862436403
test_id7244,11.401244557550463
test_id7245,13.056602493652854
test_id7246,13.388211699401246
test_id7247,12.922330685642443
test_id7248,12.21627514625667
test_id7249,9.529882548443773
test_id7250,10.867651997002277
test_id7251,8.996905540011873
test_id7252,9.702056309719161
test_id7253,13.995652361158541
test_id7254,11.777514692000615
test_id7255,12.338983560102648
test_id7256,12.78583577490258
test_id7257,9.984181222899359
test_id7258,10.299904684550626
test_id7259,11.636075177587323
test_id7260,12.234251246496193
test_id7261,11.832976636187276
test_id7262,11.58207259090252
test_id7263,13.685102539948552
test_id7264,11.226877831379568
test_id7265,10.287822484504552
test_id7266,10.633777850756687
test_id7267,11.764472689837568
test_id7268,11.698859296648266
test_id7269,12.9840345193195
test_id7270,10.704454380997554
test_id7271,11.101640889565864
test_id7272,12.603890792561863
test_id7273,11.23350225029079
test_id7274,12.633648423025527
test_id7275,12.656335124332777
test_id7276,12.832046486696704
test_id7277,12.02816236803013
test_id7278,11.729548232087332
test_id7279,11.112410762339671
test_id7280,10.595426048882949
test_id7281,11.316830846096252
test_id7282,10.888258562950206
test_id7283,10.009381612268406
test_id7284,11.512921455571075
test_id7285,13.136004059568762
test_id7286,11.055173690336922
test_id7287,13.30295386265366
test_id7288,12.682270391702268
test_id7289,11.042390823903354
test_id7290,12.784608071392292
test_id7291,8.751018685119547
test_id7292,13.556220888536323
test_id7293,10.889134904345255
test_id7294,11.572935191478173
test_id7295,10.656778948479293
test_id7296,9.868890156207591
test_id7297,12.88793660131764
test_id7298,12.639108356581637
test_id7299,10.674711175264434
test_id7300,16.546331888239763
test_id7301,11.112733080685608
test_id7302,11.457843739754047
test_id7303,11.278224196114301
test_id7304,12.852973264785838
test_id7305,12.338690904860592
test_id7306,12.15821720038975
test_id7307,13.532077278421077
test_id7308,10.470148837614857
test_id7309,15.108352317503297
test_id7310,11.10578973841951
test_id7311,12.828642304786875
test_id7312,12.898424133593032
test_id7313,10.717120400461106
test_id7314,9.18327610213116
test_id7315,11.179301549643547
test_id7316,9.994617870866215
test_id7317,8.805263572065407
test_id7318,11.76567606523988
test_id7319,12.775289159741668
test_id7320,12.58843805992499
test_id7321,13.266875224619888
test_id7322,11.615696741691345
test_id7323,11.169890750189772
test_id7324,12.36213833316399
test_id7325,11.491613796103955
test_id7326,11.537059049469939
test_id7327,11.27255611425084
test_id7328,12.947030845515648
test_id7329,11.517049355790768
test_id7330,13.403509442456325
test_id7331,10.674154044856728
test_id7332,10.94635914268715
test_id7333,12.539328253132531
test_id7334,13.250897971529803
test_id7335,12.82304919729959
test_id7336,11.051970600846019
test_id7337,12.325974072505964
test_id7338,11.907141760522158
test_id7339,11.027065240486088
test_id7340,11.750698947054978
test_id7341,13.123022688476809
test_id7342,11.678889778310186
test_id7343,12.675346207165028
test_id7344,9.069205728426027
test_id7345,11.583009704620274
test_id7346,11.041827309250316
test_id7347,12.702444716161985
test_id7348,-22.854317665710163
test_id7349,15.182834531183666
test_id7350,13.041552350650669
test_id7351,13.791935219861259
test_id7352,10.787147072298744
test_id7353,11.439907681732372
test_id7354,10.426425875965691
test_id7355,12.262377962915842
test_id7356,11.265143084274278
test_id7357,11.41752946127805
test_id7358,10.878168993262427
test_id7359,11.674468361123694
test_id7360,13.618396655840648
test_id7361,9.542281581252503
test_id7362,11.218730860118306
test_id7363,11.105388440902694
test_id7364,9.978512140357331
test_id7365,13.562643697967538
test_id7366,12.879250872808647
test_id7367,8.475203783087473
test_id7368,10.516516363846343
test_id7369,12.237184929621257
test_id7370,12.206033377618915
test_id7371,12.783417386946063
test_id7372,14.2787448629334
test_id7373,10.708585905801606
test_id7374,12.45485514719482
test_id7375,10.465626639744677
test_id7376,11.600063195738649
test_id7377,11.617381829520788
test_id7378,12.460986236773046
test_id7379,11.049207132548212
test_id7380,7.649790565675325
test_id7381,13.440558049461565
test_id7382,11.589315174020463
test_id7383,12.565449931348958
test_id7384,12.109274278271506
test_id7385,13.404037003489755
test_id7386,11.191070219764946
test_id7387,12.88017322946515
test_id7388,12.99876083489115
test_id7389,13.94842666110673
test_id7390,12.615912821583763
test_id7391,14.628579094096246
test_id7392,12.969065242157193
test_id7393,12.933073065052618
test_id7394,10.691963413680853
test_id7395,12.365089922898612
test_id7396,11.093692474877109
test_id7397,10.357444448968195
test_id7398,12.768280185257417
test_id7399,11.460139175751166
test_id7400,11.258378265189926
test_id7401,12.172458239257274
test_id7402,12.774564206809416
test_id7403,12.687510729617472
test_id7404,9.467122004615156
test_id7405,12.619646096747182
test_id7406,11.410369342831153
test_id7407,11.37616288637885
test_id7408,11.306381719498212
test_id7409,9.288687463390822
test_id7410,11.776836736256875
test_id7411,11.36634098195524
test_id7412,11.806221358082361
test_id7413,11.006520748156
test_id7414,12.450186684185155
test_id7415,12.659694382878172
test_id7416,13.034127243997325
test_id7417,10.751799739585557
test_id7418,10.669844797609223
test_id7419,11.124560668740038
test_id7420,11.530317247975688
test_id7421,11.021423062447468
test_id7422,10.959418679118073
test_id7423,12.689928235522174
test_id7424,11.002346800038389
test_id7425,11.306507079762035
test_id7426,10.339493082766033
test_id7427,10.355855377533125
test_id7428,10.949143082938079
test_id7429,11.301346412333551
test_id7430,12.197836312052665
test_id7431,12.91483979104816
test_id7432,11.01499693997416
test_id7433,16.486094791163715
test_id7434,12.089344992661275
test_id7435,11.126188881603987
test_id7436,11.26628940205051
test_id7437,11.47941710011844
test_id7438,10.993039676013744
test_id7439,11.362615612376025
test_id7440,12.36683492324277
test_id7441,-19.476620400950534
test_id7442,12.325661257510099
test_id7443,10.772950063421007
test_id7444,12.665314571077666
test_id7445,9.188703811008317
test_id7446,10.901592630224535
test_id7447,11.198415177115514
test_id7448,13.060812979064245
test_id7449,9.691415097703661
test_id7450,12.809474893737836
test_id7451,12.52863753737909
test_id7452,10.460700200832896
test_id7453,9.872910668610956
test_id7454,13.25148141048522
test_id7455,12.907076213467064
test_id7456,10.964702504022206
test_id7457,12.872209365645524
test_id7458,12.591135393123459
test_id7459,13.253840044830248
test_id7460,12.915856554053427
test_id7461,14.800274626578592
test_id7462,11.61421832122268
test_id7463,10.337410363202956
test_id7464,12.49089963634838
test_id7465,12.49573407632058
test_id7466,11.34695129915783
test_id7467,12.658589120579677
test_id7468,10.653823368843739
test_id7469,9.573377220690524
test_id7470,12.485327844801098
test_id7471,12.482468173923003
test_id7472,12.852745159820081
test_id7473,12.616047396837793
test_id7474,11.344751292647217
test_id7475,11.413353462346855
test_id7476,11.209119810173526
test_id7477,13.625102955457116
test_id7478,12.976325167721576
test_id7479,10.118159158192
test_id7480,12.879957817367327
test_id7481,10.531963277538395
test_id7482,11.568982696880347
test_id7483,11.008676299621264
test_id7484,12.494941917625262
test_id7485,11.470557481828571
test_id7486,10.23955006897188
test_id7487,11.416010773612847
test_id7488,12.462026462970492
test_id7489,10.353274978494873
test_id7490,11.535430698404355
test_id7491,10.544833128546564
test_id7492,11.662580398713168
test_id7493,12.873436405804874
test_id7494,11.447967854169654
test_id7495,11.727655030244016
test_id7496,10.333887086981989
test_id7497,10.04555693998038
test_id7498,14.241315666202262
test_id7499,12.627948623886027
test_id7500,11.171601135354557
test_id7501,10.876949344275552
test_id7502,11.03330674126881
test_id7503,13.366567968759043
test_id7504,11.190218627245208
test_id7505,8.566482027871423
test_id7506,11.108332978345707
test_id7507,13.078923424952386
test_id7508,12.177042478261612
test_id7509,13.379841732486362
test_id7510,12.018441891154772
test_id7511,10.844885082683454
test_id7512,12.464905938924424
test_id7513,12.183593091256334
test_id7514,12.53113629658393
test_id7515,11.294910836075715
test_id7516,12.853568374022238
test_id7517,12.589621442956002
test_id7518,13.157796435084798
test_id7519,13.86818056169377
test_id7520,12.055863227281243
test_id7521,9.956858540302015
test_id7522,12.711864463015253
test_id7523,11.924107940066655
test_id7524,13.744140014332082
test_id7525,10.918147794853589
test_id7526,13.341098034746103
test_id7527,10.625021677797712
test_id7528,12.404933526387339
test_id7529,8.90711536274609
test_id7530,10.909531668570956
test_id7531,13.252236336887556
test_id7532,10.676310439636538
test_id7533,9.659256482038579
test_id7534,12.989489622873627
test_id7535,12.4808489574162
test_id7536,13.517940273012314
test_id7537,13.351323856641123
test_id7538,12.768201600353756
test_id7539,13.004796824306418
test_id7540,11.633432634082958
test_id7541,11.079932076768337
test_id7542,11.309007144767172
test_id7543,11.267475238765364
test_id7544,10.730001234055486
test_id7545,11.336097550503915
test_id7546,10.652062582928835
test_id7547,10.721097074595527
test_id7548,10.925313808045736
test_id7549,12.588253313964977
test_id7550,11.563094058362395
test_id7551,12.550008202801088
test_id7552,11.711842138916673
test_id7553,11.107791404966527
test_id7554,11.693263254218053
test_id7555,12.70771555651924
test_id7556,13.355798385230251
test_id7557,12.585316822709437
test_id7558,10.358152145372834
test_id7559,10.838716332178407
test_id7560,11.059458794536638
test_id7561,12.652421677158138
test_id7562,12.770374352779882
test_id7563,11.119414345830158
test_id7564,10.81310772597228
test_id7565,12.590394068029411
test_id7566,13.295235850425009
test_id7567,11.297515129957581
test_id7568,8.160701604573767
test_id7569,13.34116341777618
test_id7570,13.582563255482974
test_id7571,10.83192077639223
test_id7572,9.83221179959093
test_id7573,13.504961176087143
test_id7574,12.82152164172296
test_id7575,13.524167636633244
test_id7576,11.562975422160164
test_id7577,12.443172785711845
test_id7578,11.096250952887964
test_id7579,13.603137956019964
test_id7580,10.660226849142454
test_id7581,13.572031952598046
test_id7582,11.14192665582366
test_id7583,11.875472835897817
test_id7584,12.6230405194732
test_id7585,10.813360675674893
test_id7586,10.654570919479077
test_id7587,9.168632955441218
test_id7588,12.828857800998065
test_id7589,10.006666808606035
test_id7590,10.938512954157126
test_id7591,12.650066413957411
test_id7592,14.260992601392878
test_id7593,11.10994417145917
test_id7594,10.889251315348112
test_id7595,12.522348876143617
test_id7596,12.75776345573589
test_id7597,13.304377446838792
test_id7598,11.808897428227986
test_id7599,12.261661386557826
test_id7600,12.79151798845853
test_id7601,12.718460746937254
test_id7602,11.920267806948772
test_id7603,10.732652864657148
test_id7604,12.353893244752207
test_id7605,10.16041023040436
test_id7606,12.600862721261485
test_id7607,10.04220474895024
test_id7608,11.847302794080456
test_id7609,7.849028817711606
test_id7610,12.115305846716147
test_id7611,11.481671435069792
test_id7612,10.678463350573814
test_id7613,11.380004212298694
test_id7614,13.696260302850455
test_id7615,12.702243592574668
test_id7616,12.332474539116667
test_id7617,14.715802705674939
test_id7618,12.7317872896244
test_id7619,12.36141087722546
test_id7620,12.84379511133072
test_id7621,12.514562767268735
test_id7622,11.631223049560425
test_id7623,11.226833191974073
test_id7624,12.940109550895706
test_id7625,7.063676831464498
test_id7626,13.040533392915826
test_id7627,11.47238590181555
test_id7628,12.391335031923035
test_id7629,12.583017135425244
test_id7630,13.117131627762966
test_id7631,11.835029669779992
test_id7632,10.64607981666125
test_id7633,13.603832695983826
test_id7634,12.878111069083879
test_id7635,11.082035667714528
test_id7636,10.219613629286975
test_id7637,12.917987490062451
test_id7638,11.384148434771426
test_id7639,10.784447242599192
test_id7640,11.112474382563448
test_id7641,13.05718261782858
test_id7642,10.933049207515786
test_id7643,10.311970812983866
test_id7644,12.188683252996803
test_id7645,11.612189191603136
test_id7646,11.013402514249968
test_id7647,12.738643542482457
test_id7648,13.460772354705817
test_id7649,11.71879200049154
test_id7650,13.43954273570661
test_id7651,13.663380848325254
test_id7652,12.704864413635214
test_id7653,11.670123930527602
test_id7654,9.205024773242421
test_id7655,12.886627732620404
test_id7656,10.712812185326435
test_id7657,10.952172896590369
test_id7658,10.375841650720865
test_id7659,9.247039166356508
test_id7660,11.083183665439797
test_id7661,12.42511415905959
test_id7662,12.807937537721664
test_id7663,10.638435055514655
test_id7664,11.4381590309995
test_id7665,10.496533870819484
test_id7666,13.711027349561697
test_id7667,10.72910531958457
test_id7668,11.316755999336301
test_id7669,10.444270220383551
test_id7670,8.628319349090809
test_id7671,12.207718105041032
test_id7672,13.673279310033251
test_id7673,11.936823081023768
test_id7674,10.137578067536843
test_id7675,12.572079247364393
test_id7676,13.773676404421145
test_id7677,12.956277961852969
test_id7678,12.741349125012427
test_id7679,11.876466656054212
test_id7680,11.746276228458392
test_id7681,11.668167181163433
test_id7682,11.40258680952055
test_id7683,11.562342045842719
test_id7684,12.507766015723355
test_id7685,12.941422025455822
test_id7686,11.162758220027179
test_id7687,15.192930460562089
test_id7688,11.4103185547985
test_id7689,10.99641296716532
test_id7690,11.54065080863122
test_id7691,11.748348935806582
test_id7692,11.034194988426215
test_id7693,11.188022590573432
test_id7694,10.500763487421274
test_id7695,12.094188317612407
test_id7696,11.248072060011829
test_id7697,10.771333525438202
test_id7698,12.922618783158633
test_id7699,11.186632592934835
test_id7700,12.608495785410987
test_id7701,12.26533752354004
test_id7702,10.774474733009974
test_id7703,13.007720034055275
test_id7704,12.247694654052616
test_id7705,12.909613326000581
test_id7706,10.856732560236502
test_id7707,13.324237031681498
test_id7708,12.60431792810224
test_id7709,11.119115562040811
test_id7710,11.57918422801329
test_id7711,13.125061260577901
test_id7712,13.241183632918002
test_id7713,11.897033681157176
test_id7714,13.238423923867181
test_id7715,9.791030793447668
test_id7716,12.992307848248892
test_id7717,12.719916291920406
test_id7718,10.316326903888303
test_id7719,12.043644210411799
test_id7720,12.562417199931112
test_id7721,10.904523991926645
test_id7722,6.820278360713296
test_id7723,13.87573651919724
test_id7724,12.05768179916624
test_id7725,11.528457450605309
test_id7726,12.934877557229989
test_id7727,10.420005344702027
test_id7728,14.69209534119178
test_id7729,12.976968468232684
test_id7730,13.710696374545947
test_id7731,11.709080500515718
test_id7732,10.994549326253598
test_id7733,9.899136921399538
test_id7734,12.515347208960783
test_id7735,11.822393464714203
test_id7736,12.673869093834902
test_id7737,13.282485437591042
test_id7738,12.60179993416645
test_id7739,9.942594173382396
test_id7740,11.16845104223038
test_id7741,11.203273055457025
test_id7742,12.401844382943302
test_id7743,12.020462067849493
test_id7744,-23.18536116853692
test_id7745,12.885878939814532
test_id7746,10.910571804281645
test_id7747,11.363021161003552
test_id7748,11.399004001966702
test_id7749,13.305622103371427
test_id7750,11.629391596861076
test_id7751,12.893369212730569
test_id7752,11.076468955011755
test_id7753,10.847581885381778
test_id7754,12.984299010516146
test_id7755,12.905415275632379
test_id7756,12.318802436422395
test_id7757,11.184073713210644
test_id7758,12.725870413536349
test_id7759,12.568150790375974
test_id7760,13.251089153537883
test_id7761,12.75439237458042
test_id7762,13.34661908091595
test_id7763,11.246108005581817
test_id7764,13.371601887566577
test_id7765,13.40476673342112
test_id7766,10.842059867658698
test_id7767,11.305349707569597
test_id7768,12.50147192128005
test_id7769,11.165413041635226
test_id7770,11.006301690861072
test_id7771,12.955525468675567
test_id7772,14.695357445443534
test_id7773,13.612365946310462
test_id7774,11.478014671418954
test_id7775,12.602200778675318
test_id7776,11.703195104036176
test_id7777,13.045141353930596
test_id7778,12.307707258183981
test_id7779,5.822847879603096
test_id7780,10.852688972513157
test_id7781,9.826839511803506
test_id7782,11.685731192931293
test_id7783,11.923385025584501
test_id7784,16.343103460194534
test_id7785,14.510609781776985
test_id7786,9.612299194715284
test_id7787,13.119949728616682
test_id7788,13.365499008765703
test_id7789,13.022677275168945
test_id7790,12.515567702652113
test_id7791,12.671370071776032
test_id7792,13.714324900967078
test_id7793,11.540218230231353
test_id7794,13.437689082428449
test_id7795,12.790145093604941
test_id7796,10.934523340800673
test_id7797,13.375178168252326
test_id7798,13.631054659819128
test_id7799,12.571141025569247
test_id7800,10.14798132326748
test_id7801,12.539003411975457
test_id7802,12.39336727553924
test_id7803,11.31376896804003
test_id7804,12.609915031366207
test_id7805,12.889023894310633
test_id7806,11.09055603239377
test_id7807,12.665527284686767
test_id7808,10.790069690134061
test_id7809,7.635005935824019
test_id7810,10.339885602518635
test_id7811,12.6994305331336
test_id7812,10.978610906441197
test_id7813,11.74354198509294
test_id7814,11.935945381534403
test_id7815,14.354711527274489
test_id7816,12.849677772365133
test_id7817,13.03603651215726
test_id7818,11.71286397343139
test_id7819,11.186240415937952
test_id7820,11.012029923693163
test_id7821,12.81301923473871
test_id7822,10.344675639069031
test_id7823,12.702880258246616
test_id7824,13.081315096864131
test_id7825,12.362770300027215
test_id7826,13.082848430152147
test_id7827,13.183076315994576
test_id7828,14.193828507691443
test_id7829,10.892731907151877
test_id7830,12.889754159070655
test_id7831,13.495754566444482
test_id7832,10.931919299330666
test_id7833,11.351655251196611
test_id7834,13.341375143678825
test_id7835,10.730175201311432
test_id7836,12.753525007581423
test_id7837,11.18856998229402
test_id7838,10.169291850372986
test_id7839,11.961501191947441
test_id7840,11.71868492667511
test_id7841,8.852989672115548
test_id7842,10.724543236296249
test_id7843,12.804251958381151
test_id7844,12.715036575392894
test_id7845,11.557921671408124
test_id7846,10.575435668494386
test_id7847,13.62663635469847
test_id7848,11.268568191042384
test_id7849,11.494665461134026
test_id7850,12.936910963889993
test_id7851,10.935131090024278
test_id7852,11.362734713298636
test_id7853,11.171539986045282
test_id7854,13.052864080972817
test_id7855,10.941021714896472
test_id7856,12.535642092085162
test_id7857,12.688176401554038
test_id7858,12.434235465102667
test_id7859,13.660834822455314
test_id7860,12.639581498224906
test_id7861,11.16848037583457
test_id7862,10.956356258116891
test_id7863,10.096197802797654
test_id7864,11.08083371164242
test_id7865,12.361658894013836
test_id7866,11.244215506322938
test_id7867,12.200525501480122
test_id7868,12.560337001249017
test_id7869,11.15857935994395
test_id7870,13.091299708070487
test_id7871,9.606275118918461
test_id7872,7.674462437994428
test_id7873,11.17957823262838
test_id7874,11.094837642919494
test_id7875,12.467737619097221
test_id7876,12.548589087177767
test_id7877,12.694576527311938
test_id7878,12.69274508880175
test_id7879,12.979552365530331
test_id7880,11.392815933948846
test_id7881,11.060921124769642
test_id7882,13.642843225023334
test_id7883,11.480909394497793
test_id7884,13.364152621297045
test_id7885,14.710284716130268
test_id7886,12.574217286729159
test_id7887,14.142486842193925
test_id7888,11.213506161915305
test_id7889,12.708846854994974
test_id7890,11.720740510231487
test_id7891,12.952946170952934
test_id7892,10.689605490498728
test_id7893,12.743421803935256
test_id7894,11.336374124743195
test_id7895,13.5983314598841
test_id7896,11.727178505713674
test_id7897,9.400657246056774
test_id7898,12.686396123687437
test_id7899,10.75085204908445
test_id7900,12.23279451736235
test_id7901,10.178598838735248
test_id7902,11.203177594910024
test_id7903,10.983421515425327
test_id7904,12.91707858224786
test_id7905,10.862898786654604
test_id7906,9.165922949515767
test_id7907,11.024531697948284
test_id7908,11.12334494898358
test_id7909,12.585520618440647
test_id7910,9.786334441588671
test_id7911,12.316167278640727
test_id7912,10.922816022498715
test_id7913,12.970396357668044
test_id7914,12.538578809184465
test_id7915,13.4863534265263
test_id7916,12.993357347080597
test_id7917,10.937610116302515
test_id7918,12.51412436706962
test_id7919,9.98637452654092
test_id7920,10.875460869023456
test_id7921,9.265918516354638
test_id7922,12.99278999565042
test_id7923,11.464572414111252
test_id7924,11.90052690842311
test_id7925,12.627601328541026
test_id7926,11.467657482382194
test_id7927,15.546099350687257
test_id7928,13.846002682549333
test_id7929,11.311201251557343
test_id7930,12.556721608932243
test_id7931,11.348543198601789
test_id7932,11.235923513332644
test_id7933,10.979777374188124
test_id7934,12.7106167621915
test_id7935,7.46167565906223
test_id7936,12.758963357448742
test_id7937,9.982162210767022
test_id7938,11.07997563302306
test_id7939,11.115699994530253
test_id7940,8.336931110958552
test_id7941,11.286000404998724
test_id7942,11.139496135261744
test_id7943,10.480252063873301
test_id7944,13.037377086715864
test_id7945,13.501234780364278
test_id7946,11.020950570539355
test_id7947,9.040999836244318
test_id7948,12.733829079256388
test_id7949,-6.659205649522761
test_id7950,11.16727042050865
test_id7951,13.051203323026392
test_id7952,12.910843481593048
test_id7953,10.536461474453851
test_id7954,10.99328432608823
test_id7955,11.589580875331414
test_id7956,6.13807152374266
test_id7957,10.95000682602312
test_id7958,6.446721127515815
test_id7959,13.709850756950338
test_id7960,15.130477782475651
test_id7961,10.998586477989939
test_id7962,13.698452374047484
test_id7963,10.899776859671483
test_id7964,11.150264628870225
test_id7965,11.357488566341054
test_id7966,11.655983626723554
test_id7967,11.326511818334623
test_id7968,10.355724038825379
test_id7969,12.185176112948447
test_id7970,12.861145123579554
test_id7971,10.316781188833502
test_id7972,10.856582274863179
test_id7973,11.015587513480654
test_id7974,10.300522602670021
test_id7975,10.471001076398629
test_id7976,12.907788544750936
test_id7977,12.95139861268256
test_id7978,12.965449016260543
test_id7979,12.64910737463184
test_id7980,10.568184233683809
test_id7981,11.69641317786023
test_id7982,8.480273507239168
test_id7983,10.640009945491464
test_id7984,11.168979916619811
test_id7985,12.753534629817999
test_id7986,10.553102759128237
test_id7987,10.726755968567893
test_id7988,10.494855228389383
test_id7989,12.434869149154686
test_id7990,12.775283425990402
test_id7991,11.385809029853554
test_id7992,11.885032781525837
test_id7993,11.240443014245947
test_id7994,11.443621383302634
test_id7995,13.325636462497059
test_id7996,14.496750138277385
test_id7997,10.353099746479806
test_id7998,10.943274092441364
test_id7999,13.386132529237123
test_id8000,12.437410506202973
test_id8001,12.780207560762356
test_id8002,10.860121229517809
test_id8003,11.564651119333284
test_id8004,11.31446547477092
test_id8005,11.320715223621725
test_id8006,13.404845730802258
test_id8007,13.964576738546768
test_id8008,12.616302906481671
test_id8009,9.415762220247032
test_id8010,7.7850647105937085
test_id8011,13.24885991926714
test_id8012,10.532797110312096
test_id8013,13.093655140377386
test_id8014,12.85803845498463
test_id8015,11.623668437988208
test_id8016,12.460777386699029
test_id8017,13.276381003391784
test_id8018,12.829442575496678
test_id8019,12.87987347824673
test_id8020,11.034092069275182
test_id8021,10.96708075553152
test_id8022,11.099906697536404
test_id8023,11.375659869268098
test_id8024,13.256693136779624
test_id8025,11.280334178363063
test_id8026,12.097556818782913
test_id8027,13.085737143001673
test_id8028,12.56982057934443
test_id8029,12.924140802250449
test_id8030,11.616753226160576
test_id8031,11.359273822103923
test_id8032,11.426051043524232
test_id8033,10.875611861650334
test_id8034,10.201373992142486
test_id8035,11.705628628413244
test_id8036,12.46224272043164
test_id8037,12.755914385477602
test_id8038,11.927562231505767
test_id8039,11.11880339656782
test_id8040,10.66215727538328
test_id8041,10.221565605202336
test_id8042,11.583668184567031
test_id8043,11.210403444308866
test_id8044,9.237624554955708
test_id8045,11.280457687892017
test_id8046,12.221599481938618
test_id8047,11.50628768585809
test_id8048,11.648743388408839
test_id8049,12.360391285943088
test_id8050,13.70053924526811
test_id8051,11.100049166376202
test_id8052,13.338487076791644
test_id8053,10.036089986918178
test_id8054,13.492316647383447
test_id8055,10.967476983191396
test_id8056,11.077211894190619
test_id8057,10.64224558673589
test_id8058,10.550274377892599
test_id8059,13.2390246219531
test_id8060,12.516987402612166
test_id8061,11.357866004459062
test_id8062,0.5248112303235288
test_id8063,11.443560180771073
test_id8064,9.474323659008363
test_id8065,11.1883431662176
test_id8066,11.096037638774696
test_id8067,11.308451185056207
test_id8068,12.912055600263365
test_id8069,12.981973311954718
test_id8070,10.759614184292303
test_id8071,11.271239721773988
test_id8072,12.579997123394314
test_id8073,12.36314145446125
test_id8074,11.304597273735247
test_id8075,10.870735146883739
test_id8076,13.708459008580618
test_id8077,7.229943277149225
test_id8078,11.17921593057671
test_id8079,11.329858212595816
test_id8080,11.846563509371585
test_id8081,11.296476405897252
test_id8082,12.865042285763067
test_id8083,10.776866036172116
test_id8084,11.52766395121703
test_id8085,10.373529754421618
test_id8086,12.404572451680728
test_id8087,12.188987228425503
test_id8088,11.48514978168371
test_id8089,11.35824197303375
test_id8090,9.888322795606669
test_id8091,10.075389035284914
test_id8092,14.784410249009206
test_id8093,10.735424820334906
test_id8094,11.130462969976627
test_id8095,11.045108285203831
test_id8096,12.294339275018693
test_id8097,7.0759979957060395
test_id8098,12.541481971811038
test_id8099,12.344456548397304
test_id8100,12.87033348018064
test_id8101,11.800857579979706
test_id8102,12.695761138422505
test_id8103,13.267789636849692
test_id8104,12.141969935482813
test_id8105,12.550862926398104
test_id8106,13.29931880423198
test_id8107,10.672498006666665
test_id8108,11.215675416874099
test_id8109,13.121530175986955
test_id8110,10.994732851999466
test_id8111,12.521712336810815
test_id8112,12.683318586742935
test_id8113,10.819593958076617
test_id8114,11.57320392512053
test_id8115,12.570324251652949
test_id8116,13.327691940130968
test_id8117,11.372459661689398
test_id8118,7.857977924012978
test_id8119,12.909875538417197
test_id8120,12.532578621100235
test_id8121,10.543795794887586
test_id8122,11.007018727335286
test_id8123,12.711527162987913
test_id8124,14.545328169911762
test_id8125,11.285759326707783
test_id8126,13.667548918154331
test_id8127,11.290048796992203
test_id8128,11.359145356326316
test_id8129,12.586978882014414
test_id8130,10.365730022800172
test_id8131,10.971214816997424
test_id8132,11.087241722848866
test_id8133,12.422300259482206
test_id8134,10.44151639738677
test_id8135,13.333407883403687
test_id8136,12.264015272644748
test_id8137,12.412431051456387
test_id8138,-30.360120005771122
test_id8139,11.795106151245058
test_id8140,13.071234183443345
test_id8141,12.767475033187573
test_id8142,12.943785644120048
test_id8143,10.608651604364432
test_id8144,16.137230972501364
test_id8145,11.024438633539532
test_id8146,13.408741984596936
test_id8147,12.315450016602362
test_id8148,12.272007879915542
test_id8149,11.00196614039681
test_id8150,13.527298578378172
test_id8151,12.314334353171766
test_id8152,11.966733465943179
test_id8153,12.387687252041125
test_id8154,10.73759031173109
test_id8155,11.991537671990919
test_id8156,10.901923154673277
test_id8157,10.383930951200412
test_id8158,10.989859556182587
test_id8159,11.844610196053402
test_id8160,12.487778239107193
test_id8161,11.255976378872923
test_id8162,10.76274263611419
test_id8163,12.448756676383674
test_id8164,12.851405362924766
test_id8165,10.852970151823435
test_id8166,11.743050206609801
test_id8167,10.778029147666075
test_id8168,10.675525397527842
test_id8169,10.340045617513901
test_id8170,12.793506859790213
test_id8171,10.721525872327014
test_id8172,13.487969137718977
test_id8173,11.223840052815596
test_id8174,11.427477006993918
test_id8175,10.774994247918656
test_id8176,8.534674487869346
test_id8177,12.714773164509943
test_id8178,13.084281975078277
test_id8179,10.070458958736332
test_id8180,12.643960072569477
test_id8181,12.847082477162196
test_id8182,10.452571687511345
test_id8183,12.031976336238493
test_id8184,13.387889257079692
test_id8185,12.542992700514183
test_id8186,11.594658213251627
test_id8187,12.535975348983776
test_id8188,11.274837763422404
test_id8189,11.306099196314918
test_id8190,10.538141399284406
test_id8191,10.175426190881083
test_id8192,12.717265998832751
test_id8193,11.20865285093928
test_id8194,10.658096203037502
test_id8195,12.062118047019048
test_id8196,11.725653109847421
test_id8197,11.034552463271432
test_id8198,13.206508379556219
test_id8199,11.375413848497097
test_id8200,12.597142104637292
test_id8201,12.833674298648923
test_id8202,11.690829840356137
test_id8203,12.598569081493274
test_id8204,11.834079662686726
test_id8205,13.202119340072464
test_id8206,11.447942871352787
test_id8207,11.768332193774448
test_id8208,13.1241104832364
test_id8209,12.798296171741121
test_id8210,9.365519959012921
test_id8211,10.45625913235947
test_id8212,13.42342370151308
test_id8213,11.773114139788866
test_id8214,9.212927751424488
test_id8215,11.33791737929672
test_id8216,12.670811313194825
test_id8217,11.249622793294556
test_id8218,12.694718835517037
test_id8219,10.956105879645982
test_id8220,12.412468430083543
test_id8221,13.327393535146989
test_id8222,12.780831741382762
test_id8223,13.42808605773579
test_id8224,12.576549993537249
test_id8225,13.168030232498019
test_id8226,11.364415351303379
test_id8227,11.161925775717698
test_id8228,10.350320042100357
test_id8229,12.961327055208905
test_id8230,12.595853307252248
test_id8231,11.070795550487752
test_id8232,12.459451505589215
test_id8233,12.781758072316528
test_id8234,12.352331158590395
test_id8235,11.378226535203176
test_id8236,11.191004371547521
test_id8237,10.820596081150633
test_id8238,12.677722086015102
test_id8239,12.3473049767342
test_id8240,2.9971949807084783
test_id8241,12.58708728912493
test_id8242,7.966866725316386
test_id8243,17.544955769742785
test_id8244,11.777246574144279
test_id8245,12.442051547494692
test_id8246,12.744373188939555
test_id8247,10.957411141281533
test_id8248,10.385509798058116
test_id8249,13.341119277504596
test_id8250,10.992032652061958
test_id8251,11.456792940752955
test_id8252,11.527893542016734
test_id8253,10.88374470607743
test_id8254,11.156216237150993
test_id8255,10.220430329509583
test_id8256,11.337263913175242
test_id8257,10.768671302097026
test_id8258,12.28148279100737
test_id8259,12.888791753825195
test_id8260,12.442911207490049
test_id8261,11.621900898903625
test_id8262,11.83197265366313
test_id8263,11.434992820016411
test_id8264,11.049877298436087
test_id8265,11.536893526231985
test_id8266,11.455856077142663
test_id8267,12.861771328006078
test_id8268,12.6499985699963
test_id8269,11.280842473803666
test_id8270,10.192155894522351
test_id8271,10.356839637391118
test_id8272,13.412719688914251
test_id8273,13.638442745502957
test_id8274,8.291780934888202
test_id8275,13.07962118038025
test_id8276,11.38579342030308
test_id8277,13.123135416639677
test_id8278,11.427809371550602
test_id8279,11.384924022330573
test_id8280,12.701312217847942
test_id8281,10.747038885930117
test_id8282,12.79666599651702
test_id8283,12.67218789613321
test_id8284,11.412811985478747
test_id8285,11.403383608821095
test_id8286,10.891851893259037
test_id8287,11.035610887082946
test_id8288,12.251622480325715
test_id8289,11.35115613460897
test_id8290,10.881031826640054
test_id8291,10.648232464663515
test_id8292,10.547069619418686
test_id8293,12.725309211801367
test_id8294,11.73761644338527
test_id8295,12.22610243223152
test_id8296,10.756480765035143
test_id8297,14.167907294944406
test_id8298,12.419851163376627
test_id8299,12.342254509742737
test_id8300,11.254763408029675
test_id8301,12.739925029506558
test_id8302,11.031913234930471
test_id8303,11.20851475460163
test_id8304,10.39252250325157
test_id8305,7.621740399989406
test_id8306,11.376572888386569
test_id8307,11.223266315896439
test_id8308,13.593187313346341
test_id8309,9.678674602347641
test_id8310,11.840221585203665
test_id8311,12.312475253496288
test_id8312,11.173126204408014
test_id8313,9.404393108052453
test_id8314,10.513509448268614
test_id8315,11.678208568376839
test_id8316,11.399843791216057
test_id8317,12.636581194192935
test_id8318,12.598883168907868
test_id8319,10.636043805132552
test_id8320,11.544468276818854
test_id8321,11.13866629057997
test_id8322,7.018693802266121
test_id8323,12.314691491447839
test_id8324,11.645391000663302
test_id8325,10.425465349598895
test_id8326,10.487176401032052
test_id8327,12.873439704729712
test_id8328,11.628323311494633
test_id8329,13.338322481755874
test_id8330,12.44163345304208
test_id8331,11.463558323582198
test_id8332,11.842156949748023
test_id8333,10.719914084483129
test_id8334,12.60146079726303
test_id8335,12.912024394746034
test_id8336,11.246165031490584
test_id8337,7.692216015501792
test_id8338,10.873377250257441
test_id8339,10.062969165996243
test_id8340,12.283303754162212
test_id8341,11.714738428845429
test_id8342,11.609386351985073
test_id8343,12.223646867433423
test_id8344,5.125307233826838
test_id8345,11.453625336794723
test_id8346,13.41346736648213
test_id8347,9.595493192785362
test_id8348,13.401829584652255
test_id8349,11.316213040947112
test_id8350,11.647856752848476
test_id8351,11.286336127092198
test_id8352,12.697883776895907
test_id8353,12.663041325262803
test_id8354,13.044931088820299
test_id8355,12.67556203160509
test_id8356,11.54409950251388
test_id8357,9.130674054643777
test_id8358,11.0000045301367
test_id8359,15.019465518895153
test_id8360,10.948438801115351
test_id8361,12.589456392748737
test_id8362,11.072430048582014
test_id8363,12.584216393596016
test_id8364,12.960906448813581
test_id8365,12.854251684216429
test_id8366,11.249914393904241
test_id8367,13.413089840046602
test_id8368,12.824316691937696
test_id8369,11.32071412943035
test_id8370,12.51549374318612
test_id8371,12.555312589761918
test_id8372,14.789730277629637
test_id8373,11.109680690268348
test_id8374,11.731975160294851
test_id8375,10.626522637023506
test_id8376,12.496125101847447
test_id8377,14.540580768859108
test_id8378,7.168303570477569
test_id8379,12.936855470922424
test_id8380,11.49614392238022
test_id8381,12.753319371476074
test_id8382,11.767655685660834
test_id8383,11.091553943764133
test_id8384,10.79041302143927
test_id8385,12.23691679447115
test_id8386,12.698504245085246
test_id8387,12.722124305441262
test_id8388,11.56268555516531
test_id8389,13.12498807117445
test_id8390,12.689069392243347
test_id8391,11.694384083622289
test_id8392,11.155252634711253
test_id8393,11.418562556504249
test_id8394,10.756338624356367
test_id8395,12.41445338600817
test_id8396,11.432337959244911
test_id8397,12.770307944071867
test_id8398,12.717483679132165
test_id8399,11.733905118386247
test_id8400,14.79218746671122
test_id8401,10.947509663944679
test_id8402,10.935939661917125
test_id8403,12.290312618435117
test_id8404,12.477276781580002
test_id8405,12.730224361595567
test_id8406,10.918972870311897
test_id8407,12.588021449449947
test_id8408,12.24664427290572
test_id8409,11.320153231509202
test_id8410,12.701693391164547
test_id8411,10.526444999579176
test_id8412,13.126725750930447
test_id8413,11.102121166320636
test_id8414,12.853295353485265
test_id8415,13.6675960864603
test_id8416,11.517614581348852
test_id8417,13.091000405443928
test_id8418,10.929544103850525
test_id8419,10.78199040771188
test_id8420,13.276907061527119
test_id8421,11.64415579740902
test_id8422,11.218555622040846
test_id8423,11.027171322785506
test_id8424,10.890419567441377
test_id8425,11.34036256693772
test_id8426,11.704217347555158
test_id8427,12.252995417967732
test_id8428,12.619214015318732
test_id8429,10.115926718188497
test_id8430,12.912250784623133
test_id8431,12.876095992088175
test_id8432,12.55393146805175
test_id8433,11.668637446350168
test_id8434,11.170471627836399
test_id8435,11.722777530643462
test_id8436,11.777038344047654
test_id8437,12.955097014587814
test_id8438,10.170796470739894
test_id8439,11.616282529417916
test_id8440,13.035756261568892
test_id8441,7.887291561830082
test_id8442,11.083280785104236
test_id8443,12.663438985858981
test_id8444,10.681158367595977
test_id8445,10.962871710890667
test_id8446,12.204239465930478
test_id8447,10.307243539523697
test_id8448,12.594833180747038
test_id8449,11.434374137649677
test_id8450,10.772408989092732
test_id8451,12.318115823179767
test_id8452,10.725702485685602
test_id8453,10.99237272259672
test_id8454,11.702386552991165
test_id8455,11.638983299616562
test_id8456,9.465069577428743
test_id8457,12.853838594082468
test_id8458,7.426255777116246
test_id8459,12.860886561230025
test_id8460,13.09511210627192
test_id8461,12.737683109152101
test_id8462,12.61572922913173
test_id8463,11.021994491973587
test_id8464,10.747993160880178
test_id8465,12.252646922406818
test_id8466,11.343862758915712
test_id8467,10.46858605034597
test_id8468,11.453043354213428
test_id8469,11.205181382916173
test_id8470,12.935854191902287
test_id8471,12.191672642024933
test_id8472,12.804818245329166
test_id8473,12.64626631282787
test_id8474,12.22267923977573
test_id8475,10.471148933875817
test_id8476,13.557586792930884
test_id8477,12.767505167860705
test_id8478,11.686778105937144
test_id8479,12.778929998235206
test_id8480,12.23399977681018
test_id8481,10.239912836101077
test_id8482,9.724363953626458
test_id8483,12.383040718814598
test_id8484,9.862139347047567
test_id8485,12.329975521385073
test_id8486,12.741710211268774
test_id8487,12.703985321909414
test_id8488,11.421002327916362
test_id8489,11.153466893470409
test_id8490,4.362013245537028
test_id8491,12.827154889946591
test_id8492,10.968545942973158
test_id8493,13.284406135759902
test_id8494,12.82755590782594
test_id8495,12.653753782630496
test_id8496,11.674176239987347
test_id8497,11.968524583903111
test_id8498,12.482012097419393
test_id8499,11.266948560294878
test_id8500,12.793404810634044
test_id8501,12.619026829313306
test_id8502,11.650657974326826
test_id8503,10.474006476876319
test_id8504,13.045356869771645
test_id8505,12.464758321320097
test_id8506,11.024241557544855
test_id8507,11.365919285382454
test_id8508,12.75268190953691
test_id8509,12.723609471444618
test_id8510,11.272472041426461
test_id8511,11.303668438563996
test_id8512,14.086836928999134
test_id8513,10.912259509320414
test_id8514,10.610562561511252
test_id8515,10.581585723767411
test_id8516,11.648291316841345
test_id8517,17.601203511856347
test_id8518,9.874153101161788
test_id8519,13.093196757382962
test_id8520,13.75624052955628
test_id8521,11.383811985369356
test_id8522,13.095293343870601
test_id8523,13.658965411841457
test_id8524,11.517115137331466
test_id8525,-29.816928233836876
test_id8526,8.65226451050588
test_id8527,11.024469766891094
test_id8528,11.255264744944654
test_id8529,14.687649726067882
test_id8530,11.4464121573589
test_id8531,12.70871446083374
test_id8532,11.091804373523807
test_id8533,13.487031743023557
test_id8534,11.347802535005037
test_id8535,11.319502480151819
test_id8536,16.643726548175287
test_id8537,12.73781355967349
test_id8538,11.41032795906434
test_id8539,12.395367890078028
test_id8540,12.76990086257404
test_id8541,11.283167760758914
test_id8542,12.720276423669468
test_id8543,11.04520624585367
test_id8544,11.19785919917586
test_id8545,11.652673296267388
test_id8546,12.119838410565116
test_id8547,10.360552745980996
test_id8548,11.291369448161568
test_id8549,14.572262448641503
test_id8550,11.938524640120562
test_id8551,10.935927348243602
test_id8552,11.011396809545907
test_id8553,10.908541563668273
test_id8554,11.724727950479242
test_id8555,11.623851811263954
test_id8556,12.824075590220353
test_id8557,13.589085069525503
test_id8558,10.590375354016636
test_id8559,11.733531032007988
test_id8560,10.857089285185857
test_id8561,11.900390800884011
test_id8562,12.111026805785542
test_id8563,12.425941682824053
test_id8564,12.35607526179232
test_id8565,10.42680092128628
test_id8566,8.89009127517695
test_id8567,11.885171510982211
test_id8568,13.564848847708511
test_id8569,9.758688532437127
test_id8570,9.00721301282163
test_id8571,11.471191666625138
test_id8572,10.348067926512478
test_id8573,10.264562657328632
test_id8574,10.654404035181052
test_id8575,12.934538998506106
test_id8576,14.827463244164832
test_id8577,11.460338260789122
test_id8578,12.518070756982603
test_id8579,12.680862116098844
test_id8580,12.4395996481934
test_id8581,4.9725749547158955
test_id8582,11.643355702732443
test_id8583,10.370298439862111
test_id8584,13.630555379982098
test_id8585,12.723035335626825
test_id8586,11.367232049989234
test_id8587,11.29677094343969
test_id8588,11.273625475118912
test_id8589,14.735830603667573
test_id8590,11.299580690971702
test_id8591,12.321864926499309
test_id8592,14.80446865563983
test_id8593,12.318468195074033
test_id8594,11.472369751330412
test_id8595,11.774220279657676
test_id8596,12.757412459305705
test_id8597,11.41123720602753
test_id8598,13.483914303944182
test_id8599,10.381049311354701
test_id8600,12.336273446408278
test_id8601,11.028365829603509
test_id8602,11.594542727471143
test_id8603,15.040608859361875
test_id8604,12.688961963618645
test_id8605,11.898526929304914
test_id8606,9.147478883160609
test_id8607,12.364813575388432
test_id8608,12.497681505453933
test_id8609,13.152415032962502
test_id8610,11.127968879298301
test_id8611,8.593555831712443
test_id8612,10.194365383896866
test_id8613,11.455050976061194
test_id8614,11.144420866070668
test_id8615,11.527019645121946
test_id8616,12.515116334966258
test_id8617,8.388988810086843
test_id8618,12.986464056725573
test_id8619,9.854064269060864
test_id8620,14.18759581912213
test_id8621,13.03118520032266
test_id8622,12.69168285322602
test_id8623,13.557095335495
test_id8624,7.832248563430944
test_id8625,12.577795975795034
test_id8626,12.49766280505569
test_id8627,11.346736058375278
test_id8628,10.841691226816131
test_id8629,11.184470797964671
test_id8630,7.181816400154169
test_id8631,11.265850325662939
test_id8632,11.777488467892631
test_id8633,13.508589922250486
test_id8634,11.76695228852509
test_id8635,11.259589115045848
test_id8636,12.571001976877795
test_id8637,10.29726477913649
test_id8638,12.599935670625378
test_id8639,11.383958678496946
test_id8640,10.484591228707622
test_id8641,12.92941801711423
test_id8642,10.932021284715596
test_id8643,12.750492649875547
test_id8644,9.655835384271526
test_id8645,9.83333918539548
test_id8646,11.313773777065215
test_id8647,-3.0493476645049427
test_id8648,11.934075676350432
test_id8649,12.977917799012133
test_id8650,12.56796567935482
test_id8651,10.702785352307053
test_id8652,14.582140947400461
test_id8653,10.339116003847408
test_id8654,12.602660316721888
test_id8655,12.365338723528502
test_id8656,12.151592831774266
test_id8657,13.257289776875247
test_id8658,11.827907971863617
test_id8659,12.324012355242722
test_id8660,13.175872363559563
test_id8661,12.06111863782521
test_id8662,10.514598224224216
test_id8663,11.428999121352113
test_id8664,12.59007784802268
test_id8665,13.722988509014094
test_id8666,12.031558090814706
test_id8667,11.3640734353419
test_id8668,13.526844285867547
test_id8669,9.360260321023006
test_id8670,11.397667748263068
test_id8671,13.345333079936445
test_id8672,11.303062668219987
test_id8673,11.740805244113659
test_id8674,12.614416919572868
test_id8675,12.920586274594818
test_id8676,13.562821005101412
test_id8677,13.689990634894805
test_id8678,11.578856419961447
test_id8679,11.174722763898615
test_id8680,12.323661009627877
test_id8681,13.772935423728079
test_id8682,13.313775134418243
test_id8683,13.944776953577808
test_id8684,11.552528683312524
test_id8685,10.746702547594353
test_id8686,9.887001566471191
test_id8687,12.800199449683014
test_id8688,12.558045083340808
test_id8689,12.75798588386116
test_id8690,10.932389320643843
test_id8691,11.795145243580173
test_id8692,12.479047876471782
test_id8693,12.395757346287006
test_id8694,11.024724284170425
test_id8695,12.187420205134785
test_id8696,10.235898763735996
test_id8697,9.366455590988679
test_id8698,9.865668885766567
test_id8699,9.732973823654554
test_id8700,11.75498197489896
test_id8701,11.243753369442743
test_id8702,12.705547060755912
test_id8703,12.702036652961219
test_id8704,10.383540445096607
test_id8705,11.194792675625521
test_id8706,9.904716816506571
test_id8707,13.51216215775095
test_id8708,12.890474296208176
test_id8709,11.410641097543639
test_id8710,10.637049450072702
test_id8711,12.722002815096523
test_id8712,12.598164663877
test_id8713,12.629119034609268
test_id8714,10.456500213259872
test_id8715,11.295442923216108
test_id8716,14.576486196527945
test_id8717,13.692591808397928
test_id8718,13.662090506264896
test_id8719,7.019542956120908
test_id8720,10.861223405075599
test_id8721,11.774981240613734
test_id8722,12.23657863413603
test_id8723,7.155389555049048
test_id8724,10.541216839849831
test_id8725,13.423430222481578
test_id8726,11.912903556033456
test_id8727,4.68873026577198
test_id8728,13.133736897365644
test_id8729,11.316463337122492
test_id8730,10.693524401917784
test_id8731,10.864711412951472
test_id8732,12.320680651466795
test_id8733,11.326798713844276
test_id8734,11.326968056537758
test_id8735,12.50031521447189
test_id8736,10.608207406832605
test_id8737,11.80320477106509
test_id8738,11.582722864465303
test_id8739,11.733415672462627
test_id8740,12.784702028220785
test_id8741,12.688519726734334
test_id8742,12.680062395297789
test_id8743,12.694780131762236
test_id8744,11.768990814325605
test_id8745,4.478883906921183
test_id8746,13.017554830769633
test_id8747,13.035819914425211
test_id8748,12.80652442343861
test_id8749,11.69651737880563
test_id8750,10.081704641039472
test_id8751,12.739027642483187
test_id8752,10.933485774722122
test_id8753,14.50429412998755
test_id8754,12.547535575796893
test_id8755,12.094224779085941
test_id8756,11.558896805209159
test_id8757,12.310755110430485
test_id8758,12.14319722996219
test_id8759,14.619012433401245
test_id8760,9.868451276374707
test_id8761,12.763883961345911
test_id8762,13.450069253475128
test_id8763,10.858863901117026
test_id8764,12.63579070844991
test_id8765,11.721512651070292
test_id8766,11.03174709133416
test_id8767,12.346605996655704
test_id8768,12.829618786324879
test_id8769,13.681039757315979
test_id8770,10.720727428240401
test_id8771,12.998102613832422
test_id8772,13.026450873761384
test_id8773,12.78511392314342
test_id8774,12.251562458871298
test_id8775,11.71806612339136
test_id8776,12.255079639224753
test_id8777,10.883445965993367
test_id8778,12.524154432526707
test_id8779,13.404406270725481
test_id8780,10.850925779262049
test_id8781,11.184445908297619
test_id8782,11.217076126213222
test_id8783,11.698256929072052
test_id8784,10.92333228207331
test_id8785,12.45084069616734
test_id8786,11.483794088215774
test_id8787,10.623095583657722
test_id8788,12.675457095581258
test_id8789,10.392904180851957
test_id8790,11.39808867063855
test_id8791,12.566158845853316
test_id8792,11.621385722200436
test_id8793,11.201007877744537
test_id8794,11.40049498860018
test_id8795,11.635604662892028
test_id8796,11.489109808619027
test_id8797,13.836453709405724
test_id8798,13.422098038992033
test_id8799,12.818228528622036
test_id8800,10.541256357892216
test_id8801,12.196103787791138
test_id8802,11.306554460807043
test_id8803,9.031479166196199
test_id8804,11.64637373139039
test_id8805,11.343123538169849
test_id8806,11.396088806183975
test_id8807,11.25130769835203
test_id8808,13.410349653779342
test_id8809,12.208440181111165
test_id8810,12.595507456148802
test_id8811,13.201797228046033
test_id8812,14.520680881221857
test_id8813,11.976681710865414
test_id8814,12.478179562347123
test_id8815,11.179520490532205
test_id8816,11.013979630637913
test_id8817,14.61497114046638
test_id8818,12.785947346816748
test_id8819,15.534459300382657
test_id8820,11.516967743575428
test_id8821,12.029329962688138
test_id8822,12.485228203898451
test_id8823,10.998134270403021
test_id8824,11.764681484984841
test_id8825,0.9782375049683552
test_id8826,10.989311517852144
test_id8827,12.623037256801375
test_id8828,10.340635734617415
test_id8829,10.891484007941592
test_id8830,12.95627608268591
test_id8831,13.154253400842848
test_id8832,10.958297843444363
test_id8833,12.045186935707939
test_id8834,12.391536584724612
test_id8835,10.891973928222043
test_id8836,13.039279154900157
test_id8837,6.073917027498048
test_id8838,10.878146450401765
test_id8839,11.84105952444785
test_id8840,12.640045538981148
test_id8841,13.597679538103144
test_id8842,12.264444266587667
test_id8843,12.702786902638906
test_id8844,10.485988777201193
test_id8845,9.87474080138027
test_id8846,11.509541361694623
test_id8847,12.787359921210289
test_id8848,11.052955978586674
test_id8849,11.610226681001542
test_id8850,9.718474892758607
test_id8851,12.765275208440578
test_id8852,13.065696952222801
test_id8853,10.975565263221519
test_id8854,12.58368780917457
test_id8855,13.305973367474671
test_id8856,13.593767555143394
test_id8857,15.064695018091761
test_id8858,6.749493176516353
test_id8859,12.09815313440091
test_id8860,6.057681093500882
test_id8861,11.012184003006041
test_id8862,13.106063311874273
test_id8863,11.762074168708885
test_id8864,12.482665277059489
test_id8865,13.63873852594562
test_id8866,12.142626088690939
test_id8867,10.43216351123089
test_id8868,10.827371817054406
test_id8869,9.461572224375765
test_id8870,9.972799177185813
test_id8871,10.543125475564189
test_id8872,11.392163201636698
test_id8873,12.245167386228282
test_id8874,12.44198318699943
test_id8875,11.034827014889942
test_id8876,6.829003419689052
test_id8877,13.051324951633191
test_id8878,10.49493150775141
test_id8879,11.586007212074584
test_id8880,7.105670927198425
test_id8881,12.690137286947369
test_id8882,12.930311156713842
test_id8883,12.562899687419154
test_id8884,13.139243567324144
test_id8885,3.4393694924100444
test_id8886,12.695041075870414
test_id8887,11.81791112362803
test_id8888,13.386544825841426
test_id8889,13.186580482819394
test_id8890,12.647462734190974
test_id8891,12.606426295573847
test_id8892,10.226164016232367
test_id8893,11.518544649893315
test_id8894,10.830729047241356
test_id8895,11.626221014367914
test_id8896,12.577950821339478
test_id8897,13.692531176124035
test_id8898,12.56829657550152
test_id8899,11.669172535786437
test_id8900,10.680224344542957
test_id8901,12.810552676585722
test_id8902,11.074052391698835
test_id8903,12.654386953014033
test_id8904,12.18891759704129
test_id8905,10.812019021686076
test_id8906,11.410558390715515
test_id8907,9.07431847195901
test_id8908,10.57186531435788
test_id8909,13.577496318161302
test_id8910,12.741117876837158
test_id8911,5.858546454315039
test_id8912,11.007059939174077
test_id8913,9.665835669096715
test_id8914,11.941326028042056
test_id8915,12.104237222586654
test_id8916,11.130109586548855
test_id8917,12.440633036597191
test_id8918,10.757325801529241
test_id8919,12.941960341050468
test_id8920,12.934418912301375
test_id8921,12.961699376894622
test_id8922,10.758514828865664
test_id8923,11.519626359092065
test_id8924,11.008330180836012
test_id8925,11.437616996692078
test_id8926,11.148953831674419
test_id8927,11.7536585042021
test_id8928,10.897190949204933
test_id8929,10.336751199342025
test_id8930,12.939914049068541
test_id8931,12.66382552310251
test_id8932,11.007026337614441
test_id8933,12.545724871716608
test_id8934,6.502349081504903
test_id8935,11.990317392174909
test_id8936,13.024867899809045
test_id8937,12.493473810235805
test_id8938,7.469186087238732
test_id8939,10.552475678722978
test_id8940,10.147368774570594
test_id8941,12.39718750090325
test_id8942,10.530411528077344
test_id8943,12.33680489371585
test_id8944,12.250550228660138
test_id8945,12.259570329994638
test_id8946,10.760451974252469
test_id8947,12.965654340904472
test_id8948,13.628457855034846
test_id8949,11.866156990335064
test_id8950,6.0824103302792665
test_id8951,10.42522420671046
test_id8952,12.681645232480712
test_id8953,12.978903402284814
test_id8954,11.174139391633545
test_id8955,11.396517215193043
test_id8956,10.682571557208512
test_id8957,12.896384170355638
test_id8958,10.371395247725353
test_id8959,12.552400823888703
test_id8960,12.884980595000066
test_id8961,11.571219417661133
test_id8962,11.542552938682057
test_id8963,12.670876772868588
test_id8964,12.437124513566815
test_id8965,7.4011252477223834
test_id8966,12.957714777923286
test_id8967,12.624265669440852
test_id8968,12.943561763357941
test_id8969,12.822089512953092
test_id8970,13.182619832892485
test_id8971,12.250331266946382
test_id8972,12.895586902969818
test_id8973,11.316281036514965
test_id8974,10.631806583968604
test_id8975,11.287138791020162
test_id8976,13.319910677893013
test_id8977,12.835014454933138
test_id8978,10.537985649700936
test_id8979,10.778870549406427
test_id8980,8.928141670333623
test_id8981,13.068131233015059
test_id8982,12.299355182730281
test_id8983,14.6273119393259
test_id8984,12.932782042960788
test_id8985,13.03535366424348
test_id8986,10.468859516897403
test_id8987,10.989678105587572
test_id8988,11.355441969976994
test_id8989,12.449739375290811
test_id8990,10.996634773280554
test_id8991,12.696934321849263
test_id8992,13.066111222330768
test_id8993,13.62337166300874
test_id8994,13.291737405613276
test_id8995,12.632722469059736
test_id8996,12.390996823438634
test_id8997,11.217359223884543
test_id8998,10.278357250637185
test_id8999,12.65799295188829
test_id9000,11.646046114432785
test_id9001,11.743867311676901
test_id9002,11.388059243054208
test_id9003,11.222025702077381
test_id9004,11.177735884081251
test_id9005,9.155144118972736
test_id9006,11.204964479742308
test_id9007,10.974435602760074
test_id9008,12.803473634458982
test_id9009,11.737138791569052
test_id9010,13.224729197655726
test_id9011,10.48069593532231
test_id9012,10.93885061295203
test_id9013,4.893414301692083
test_id9014,9.068412052772281
test_id9015,12.724183792937708
test_id9016,12.367173531916514
test_id9017,11.177510547912192
test_id9018,13.318426756205348
test_id9019,12.386970071274838
test_id9020,10.99799442803998
test_id9021,11.383835102288089
test_id9022,11.846165378990577
test_id9023,10.763018115281078
test_id9024,10.701620754866461
test_id9025,10.549521057725201
test_id9026,13.648669357931375
test_id9027,11.54059545797039
test_id9028,9.80977453859338
test_id9029,14.059753898906713
test_id9030,10.943303351476168
test_id9031,13.11992354715266
test_id9032,11.180341455139853
test_id9033,12.780245110350165
test_id9034,13.75638875607978
test_id9035,10.90918886462353
test_id9036,12.056072721097387
test_id9037,11.526836808318045
test_id9038,12.086040908245202
test_id9039,12.620073293353322
test_id9040,12.426597897720505
test_id9041,11.51848827067689
test_id9042,11.336322362187914
test_id9043,13.643717091684692
test_id9044,13.330263629305719
test_id9045,10.269018788496133
test_id9046,11.372207440888282
test_id9047,13.654580473030208
test_id9048,12.824638415815421
test_id9049,11.412029013715497
test_id9050,16.36599074157882
test_id9051,11.579896639267965
test_id9052,14.978773544721257
test_id9053,12.771845981792197
test_id9054,10.405064361929128
test_id9055,10.5208837625975
test_id9056,11.080824999863957
test_id9057,12.77287869097244
test_id9058,12.583105171902524
test_id9059,10.712052922424299
test_id9060,11.472711371441306
test_id9061,9.350568167277522
test_id9062,12.632423342401871
test_id9063,12.703997473157521
test_id9064,12.516566938369238
test_id9065,11.4037189899149
test_id9066,1.0874560787706002
test_id9067,10.673304015957946
test_id9068,11.029648948103471
test_id9069,13.289099772059792
test_id9070,10.425025885728509
test_id9071,10.8258274999312
test_id9072,11.349622311720715
test_id9073,12.191771992672955
test_id9074,12.296105632977245
test_id9075,12.632131113212765
test_id9076,12.376105392983582
test_id9077,13.175840400848081
test_id9078,13.476372795411258
test_id9079,10.971617428312648
test_id9080,11.175585529068421
test_id9081,12.501181520218132
test_id9082,12.930174765689017
test_id9083,11.358213394232642
test_id9084,12.581894391534853
test_id9085,14.127247339155566
test_id9086,12.534063375745468
test_id9087,11.20310808848847
test_id9088,12.210446003872498
test_id9089,11.884302363168977
test_id9090,10.9653186503647
test_id9091,10.725727599683815
test_id9092,12.606279097925217
test_id9093,12.708980046482566
test_id9094,12.326122834744702
test_id9095,13.683773984417094
test_id9096,12.85811323124657
test_id9097,12.66132924818033
test_id9098,13.33858860276731
test_id9099,11.707319162041856
test_id9100,13.255147487057243
test_id9101,13.247403092883225
test_id9102,10.302533380026226
test_id9103,10.04721023393126
test_id9104,12.67371729874474
test_id9105,11.611765126014397
test_id9106,11.135535819843476
test_id9107,13.600399191754846
test_id9108,11.221751313017037
test_id9109,12.498033821188905
test_id9110,11.602272286964798
test_id9111,12.254193843087641
test_id9112,12.966537185259291
test_id9113,10.059022848434125
test_id9114,11.41917396470783
test_id9115,8.95538765718424
test_id9116,11.295278153205544
test_id9117,11.042384354266936
test_id9118,10.566034603653073
test_id9119,10.82698316865595
test_id9120,12.610257881166596
test_id9121,6.400788927078068
test_id9122,11.023271812157667
test_id9123,10.666700294127985
test_id9124,11.49693238803296
test_id9125,13.615454980966305
test_id9126,11.506031879305944
test_id9127,1.1259502799782055
test_id9128,11.136918621494864
test_id9129,10.982554063720336
test_id9130,10.142558689383534
test_id9131,12.21589348298658
test_id9132,12.704677960842496
test_id9133,9.740658080296974
test_id9134,10.657307417380586
test_id9135,11.449541895380527
test_id9136,12.18861969066738
test_id9137,8.212435954357048
test_id9138,12.756179674697641
test_id9139,12.705515452059977
test_id9140,13.34134211118856
test_id9141,11.084412459900996
test_id9142,9.324986090885574
test_id9143,13.7485673197315
test_id9144,14.713410303126047
test_id9145,11.486416620426375
test_id9146,11.146558053538378
test_id9147,10.460356840538246
test_id9148,11.74921582931676
test_id9149,12.33827269626439
test_id9150,12.732858807961826
test_id9151,11.519744550165058
test_id9152,11.727801541428143
test_id9153,9.959225394217832
test_id9154,10.343764015484133
test_id9155,11.274631465571353
test_id9156,12.371972390143718
test_id9157,12.876687665438645
test_id9158,15.047014074940357
test_id9159,10.471206402431768
test_id9160,14.404664678346776
test_id9161,13.383775407578902
test_id9162,12.095360898890995
test_id9163,10.780185915798064
test_id9164,11.636136260980756
test_id9165,12.351881450831009
test_id9166,11.817939718219158
test_id9167,11.833766440583453
test_id9168,12.757216822988447
test_id9169,11.141183827951792
test_id9170,12.98126701552372
test_id9171,12.597059043142089
test_id9172,12.87541444205285
test_id9173,12.09614529151866
test_id9174,11.268247675800588
test_id9175,10.462859132448237
test_id9176,11.656508482365332
test_id9177,11.114182965408851
test_id9178,11.79002353771741
test_id9179,9.486394196130455
test_id9180,9.674622909714806
test_id9181,10.160493647562781
test_id9182,11.313617841649865
test_id9183,12.289707386086512
test_id9184,11.808995202417059
test_id9185,12.682701567681285
test_id9186,11.273052178217782
test_id9187,10.974212504910447
test_id9188,12.734893655019007
test_id9189,12.928354727808433
test_id9190,11.528115074311636
test_id9191,10.748986205589354
test_id9192,12.648576827686504
test_id9193,9.684251902226151
test_id9194,12.579055353361085
test_id9195,12.740850801257409
test_id9196,9.857848818120765
test_id9197,12.576270594726147
test_id9198,9.83362505455706
test_id9199,11.41602832441243
test_id9200,10.460099042558078
test_id9201,11.024134952309417
test_id9202,11.114384191261202
test_id9203,11.152664349322123
test_id9204,9.60308877498283
test_id9205,10.96573275493946
test_id9206,11.442779626023572
test_id9207,11.038658263130706
test_id9208,12.470229880910978
test_id9209,12.999466003683047
test_id9210,11.33821378502062
test_id9211,11.30044897498523
test_id9212,11.633648413934374
test_id9213,12.156907073094708
test_id9214,12.463259304859513
test_id9215,12.921484622025908
test_id9216,12.500329699164759
test_id9217,9.936396170081785
test_id9218,11.848790599436633
test_id9219,10.975419200592576
test_id9220,13.012634121293104
test_id9221,11.021048897389058
test_id9222,13.743675750883533
test_id9223,12.59342054133215
test_id9224,10.805087490332546
test_id9225,11.607628819109088
test_id9226,10.991173508938985
test_id9227,10.961370365377682
test_id9228,13.269540283009583
test_id9229,10.846942700644945
test_id9230,10.963908225611782
test_id9231,14.806967890460498
test_id9232,13.651572824061951
test_id9233,11.43415027313879
test_id9234,13.322451566357039
test_id9235,11.27244434783141
test_id9236,11.817076653208737
test_id9237,12.120982805226099
test_id9238,12.93812818739763
test_id9239,10.065694770428436
test_id9240,11.380047328446189
test_id9241,12.515182678102683
test_id9242,13.331337270132288
test_id9243,13.632439587912963
test_id9244,13.499074415040013
test_id9245,9.26939892065063
test_id9246,12.100139984212937
test_id9247,11.710019662368659
test_id9248,12.239079876149297
test_id9249,12.397207376055128
test_id9250,13.615617361055477
test_id9251,11.476137487618864
test_id9252,12.646712649539005
test_id9253,14.612243800858558
test_id9254,13.810522498998388
test_id9255,11.091539122126967
test_id9256,11.02551944573925
test_id9257,11.311939581218937
test_id9258,9.832448988791633
test_id9259,10.452325037276061
test_id9260,12.354545293701598
test_id9261,11.786838930450209
test_id9262,13.0468221752257
test_id9263,10.318705360030386
test_id9264,12.113307410338308
test_id9265,11.431666137931266
test_id9266,10.177286461029347
test_id9267,12.71639461103343
test_id9268,10.997320079254372
test_id9269,11.320559124831483
test_id9270,11.036380063221877
test_id9271,13.28643227370214
test_id9272,12.62705907703402
test_id9273,12.675075960735548
test_id9274,13.09656507654595
test_id9275,11.462733874580017
test_id9276,6.523739550616575
test_id9277,12.7993622738853
test_id9278,12.939388397670243
test_id9279,11.419939684175695
test_id9280,13.466184097989682
test_id9281,11.811328583468303
test_id9282,11.369927902360935
test_id9283,11.061920784541876
test_id9284,12.580158373477879
test_id9285,11.410474429370957
test_id9286,12.91579185436639
test_id9287,12.855558966859597
test_id9288,11.08649691423981
test_id9289,10.750842369353471
test_id9290,12.221055862421231
test_id9291,12.685233769331056
test_id9292,12.436655913431458
test_id9293,11.553651849112725
test_id9294,12.334926314065896
test_id9295,11.258351095743457
test_id9296,10.98161727708888
test_id9297,12.711202787426508
test_id9298,12.872630750642422
test_id9299,10.239024443692152
test_id9300,10.430515716935666
test_id9301,11.269695987291236
test_id9302,13.060802600875242
test_id9303,6.7789815481190985
test_id9304,11.088171984091893
test_id9305,11.271630149881915
test_id9306,11.76306700279246
test_id9307,12.934058871979069
test_id9308,13.478893848812447
test_id9309,12.727913101102324
test_id9310,12.505366697099483
test_id9311,10.643385576271527
test_id9312,12.522782005571756
test_id9313,13.29807719202794
test_id9314,11.031435502403518
test_id9315,12.92616064316389
test_id9316,11.724222616385795
test_id9317,11.48646053892184
test_id9318,12.790600644835315
test_id9319,11.386572055875533
test_id9320,12.688032351346415
test_id9321,12.495498264260156
test_id9322,11.73093409930609
test_id9323,12.51116270866477
test_id9324,12.882400904725905
test_id9325,12.289494997155906
test_id9326,12.557147760826474
test_id9327,10.80732719268017
test_id9328,10.938594084828019
test_id9329,12.513480067455149
test_id9330,11.544465456830089
test_id9331,12.915640093249259
test_id9332,12.04214892121552
test_id9333,12.15431328272033
test_id9334,9.812568712417466
test_id9335,11.516459820515244
test_id9336,11.439723958161245
test_id9337,12.184344462478514
test_id9338,12.316413583786648
test_id9339,12.77129695883361
test_id9340,10.26404846097919
test_id9341,10.995021000683607
test_id9342,11.91757585826796
test_id9343,11.061004097479454
test_id9344,12.052264919405097
test_id9345,11.297376215772097
test_id9346,11.028142053089226
test_id9347,12.470843381003498
test_id9348,11.572635636202726
test_id9349,11.099259895355395
test_id9350,13.605664046813743
test_id9351,13.221492408941721
test_id9352,11.88833441626442
test_id9353,12.519877335091216
test_id9354,10.879301150703846
test_id9355,12.451524769543205
test_id9356,13.568780767212367
test_id9357,11.064527940871073
test_id9358,11.946748867761137
test_id9359,12.742296780142688
test_id9360,12.677643752673184
test_id9361,12.72151178510537
test_id9362,13.428391794187853
test_id9363,10.940897786079155
test_id9364,11.496333923991806
test_id9365,12.9491139524089
test_id9366,11.07244048580798
test_id9367,11.630676221186391
test_id9368,11.285982362875629
test_id9369,11.312059065474486
test_id9370,11.282924646471386
test_id9371,12.713442325617542
test_id9372,10.781170040754134
test_id9373,9.680823990083333
test_id9374,12.090997621772352
test_id9375,9.542168536386079
test_id9376,10.729366438714834
test_id9377,9.639855752385436
test_id9378,16.209176575946024
test_id9379,10.006265565867842
test_id9380,11.126157060767206
test_id9381,11.316157978878529
test_id9382,10.068495659544375
test_id9383,8.846444801987559
test_id9384,10.959607020804782
test_id9385,12.50240619986176
test_id9386,12.903876471591879
test_id9387,12.658736500969745
test_id9388,12.802812298928025
test_id9389,10.882926399521686
test_id9390,11.772523690995733
test_id9391,11.629824306665675
test_id9392,13.021270709912429
test_id9393,12.627379694904285
test_id9394,12.5872700201381
test_id9395,12.880083067893878
test_id9396,11.172810819425457
test_id9397,8.035505664465312
test_id9398,11.362021930856336
test_id9399,12.162859128510085
test_id9400,12.330818988357386
test_id9401,13.375573725182086
test_id9402,4.375157252494567
test_id9403,11.72710466544968
test_id9404,10.691874737983277
test_id9405,11.087598870112025
test_id9406,13.20229441231595
test_id9407,12.73559508158052
test_id9408,10.825186975154445
test_id9409,10.927583569499866
test_id9410,9.234694863654035
test_id9411,7.584349412588544
test_id9412,10.829141066897414
test_id9413,11.385347137778403
test_id9414,13.088878433830295
test_id9415,11.477253632865448
test_id9416,13.693132650064975
test_id9417,11.473995479708172
test_id9418,12.67887601152389
test_id9419,12.40021233748363
test_id9420,11.685427397886023
test_id9421,11.55770268712434
test_id9422,12.914777920183447
test_id9423,12.660277704140832
test_id9424,12.263973005605855
test_id9425,11.24393485183952
test_id9426,11.4287150926586
test_id9427,11.336091261312795
test_id9428,12.301733037069162
test_id9429,12.830521856419004
test_id9430,10.922899118638163
test_id9431,12.520485242430091
test_id9432,9.809435920360578
test_id9433,10.86978334336984
test_id9434,11.61936302902938
test_id9435,11.202984815394437
test_id9436,10.218005618804796
test_id9437,11.13121182792026
test_id9438,8.722300031891798
test_id9439,11.014728402582087
test_id9440,13.788059606417931
test_id9441,13.39720673188031
test_id9442,12.777325964460466
test_id9443,10.936074060919204
test_id9444,13.232703194549238
test_id9445,12.01146261480742
test_id9446,10.72670237671192
test_id9447,11.214443915673833
test_id9448,9.839804778303765
test_id9449,13.285626603294496
test_id9450,9.807838844786893
test_id9451,11.298554753446936
test_id9452,13.303773216597243
test_id9453,11.774538604418076
test_id9454,9.20083514139833
test_id9455,10.97108412243319
test_id9456,16.485388201301795
test_id9457,10.803855029749805
test_id9458,11.31815435358262
test_id9459,12.153726472201278
test_id9460,12.664410355135317
test_id9461,11.471037774170732
test_id9462,9.946056279012588
test_id9463,12.85174702025379
test_id9464,12.641004730497919
test_id9465,12.286166142676002
test_id9466,12.633942055713057
test_id9467,11.71272673348441
test_id9468,11.477924060649663
test_id9469,10.907597443215991
test_id9470,2.5304046635839583
test_id9471,12.197172360695056
test_id9472,13.539215362664116
test_id9473,10.311510267457287
test_id9474,10.93169927523143
test_id9475,12.438035404618667
test_id9476,11.872326887967013
test_id9477,12.1230719173411
test_id9478,10.05992290521879
test_id9479,11.414505172407054
test_id9480,12.744087015285125
test_id9481,-3.0075224830298097
test_id9482,12.456091972538431
test_id9483,11.092004229998373
test_id9484,11.392767550765349
test_id9485,13.582372406572127
test_id9486,11.432354450567821
test_id9487,11.13551729533659
test_id9488,13.69127714293569
test_id9489,11.236716485705095
test_id9490,12.532327471308172
test_id9491,10.4641946453998
test_id9492,12.660930228179943
test_id9493,11.998975935872231
test_id9494,13.676647092139824
test_id9495,-0.010321215093675562
test_id9496,11.410442309568715
test_id9497,12.340561434530066
test_id9498,12.737124416082352
test_id9499,11.475833792898314
test_id9500,12.214093194625036
test_id9501,13.434178093940623
test_id9502,11.665535393447136
test_id9503,10.70820989056648
test_id9504,11.231985208447519
test_id9505,13.167450547279337
test_id9506,11.555497776344843
test_id9507,12.578644907451114
test_id9508,8.989427992862538
test_id9509,12.574692261797736
test_id9510,12.920734436993946
test_id9511,12.798205901088814
test_id9512,12.413847740531544
test_id9513,11.385916322212516
test_id9514,12.846687346239626
test_id9515,9.764823075482632
test_id9516,12.86872985434146
test_id9517,12.846986951714591
test_id9518,12.185405829813448
test_id9519,12.180727864052848
test_id9520,12.780758976968677
test_id9521,12.336902821912297
test_id9522,12.758955126895408
test_id9523,14.95722811869544
test_id9524,11.287024052676252
test_id9525,10.874472063539251
test_id9526,14.260414726139892
test_id9527,10.407994677379406
test_id9528,12.537554653000008
test_id9529,11.23851402916582
test_id9530,11.5482103616038
test_id9531,9.361298635307115
test_id9532,12.854811427635646
test_id9533,12.502655478613228
test_id9534,13.675686998674983
test_id9535,11.11401227486158
test_id9536,12.948803905008504
test_id9537,12.730485536151384
test_id9538,10.845389050582703
test_id9539,12.019917022780717
test_id9540,9.429178300009056
test_id9541,10.723947611096449
test_id9542,11.199794925037068
test_id9543,13.065998551177081
test_id9544,12.381951109612935
test_id9545,11.554455436558534
test_id9546,12.703157392705052
test_id9547,9.915207989979066
test_id9548,11.473104201952928
test_id9549,9.516799880088499
test_id9550,10.557817091294126
test_id9551,12.569992611534367
test_id9552,12.350507672258253
test_id9553,11.412935033191701
test_id9554,10.62588606493626
test_id9555,12.246322775053734
test_id9556,11.49045927168639
test_id9557,11.255271272194186
test_id9558,12.127002383177889
test_id9559,12.791216416169767
test_id9560,12.81756893122624
test_id9561,11.754189487658998
test_id9562,11.577955255451172
test_id9563,11.683639470740928
test_id9564,11.30725903119373
test_id9565,5.415766096732135
test_id9566,12.341918192130812
test_id9567,10.94502997764382
test_id9568,11.612071582746232
test_id9569,11.670416541721544
test_id9570,12.420646503364488
test_id9571,10.483366472899924
test_id9572,12.56401309812643
test_id9573,12.113250494768366
test_id9574,10.107367178031772
test_id9575,12.946485404638175
test_id9576,12.441681761005704
test_id9577,10.308839215919342
test_id9578,11.040472592697334
test_id9579,11.087671108151078
test_id9580,11.358205974275783
test_id9581,11.695901481192067
test_id9582,11.367551373278523
test_id9583,12.429504451938492
test_id9584,9.373224540454338
test_id9585,12.87688982309438
test_id9586,10.948060555718804
test_id9587,9.850755375749053
test_id9588,12.530902113914856
test_id9589,12.658615642894596
test_id9590,12.328659486928721
test_id9591,10.475503745808204
test_id9592,12.428813009373904
test_id9593,12.758314262398791
test_id9594,12.782141548949568
test_id9595,12.745945987044713
test_id9596,11.251230879370205
test_id9597,11.084419667860097
test_id9598,12.82467497952377
test_id9599,10.817722143227293
test_id9600,10.094070650699713
test_id9601,12.393398462194426
test_id9602,11.255300483352023
test_id9603,14.780428226967771
test_id9604,12.68670222728997
test_id9605,11.5204177517328
test_id9606,10.771164503595465
test_id9607,11.313162649105855
test_id9608,12.123627435316145
test_id9609,15.791021565725167
test_id9610,11.060302072424001
test_id9611,-7.493777082908856
test_id9612,12.657579180961541
test_id9613,12.854237774877063
test_id9614,8.020088881223984
test_id9615,10.851612042743504
test_id9616,13.579694246490128
test_id9617,11.390734180013176
test_id9618,11.467399042596064
test_id9619,9.7020290334166
test_id9620,10.865829890137896
test_id9621,11.442169872276473
test_id9622,10.760824207488106
test_id9623,12.833785934638236
test_id9624,11.781874008074517
test_id9625,11.88240166330354
test_id9626,12.566461844152116
test_id9627,12.774887064046347
test_id9628,7.600780134124918
test_id9629,10.774554761819296
test_id9630,12.279441086744022
test_id9631,13.131441633699325
test_id9632,8.329441289772454
test_id9633,13.240966626559292
test_id9634,10.979331912919015
test_id9635,11.436365132523811
test_id9636,10.697989777764853
test_id9637,11.871475906855729
test_id9638,12.866338276816798
test_id9639,12.741055007132445
test_id9640,13.692428458545997
test_id9641,11.388726269713665
test_id9642,10.854453151142756
test_id9643,11.814311592275232
test_id9644,11.167475730851457
test_id9645,11.28221088092829
test_id9646,12.041954764573326
test_id9647,11.548375738021448
test_id9648,11.59204156767887
test_id9649,11.309988455378154
test_id9650,11.325232603139789
test_id9651,12.815395288775811
test_id9652,11.782886979485674
test_id9653,12.626933190709728
test_id9654,12.484218547171714
test_id9655,10.647212570119578
test_id9656,10.651648970735401
test_id9657,11.44685328116477
test_id9658,13.051509303564053
test_id9659,11.655820014397143
test_id9660,10.914693125308041
test_id9661,10.913922252060452
test_id9662,12.794025927329422
test_id9663,12.86051179268027
test_id9664,12.533815253486047
test_id9665,12.908569801698924
test_id9666,11.328327080019243
test_id9667,10.767234135342377
test_id9668,11.15697046100366
test_id9669,12.861808128627167
test_id9670,11.39461799973855
test_id9671,13.708186021966682
test_id9672,11.821749057481341
test_id9673,13.055029704008994
test_id9674,12.966405057735962
test_id9675,13.130744791174891
test_id9676,12.475690827043273
test_id9677,11.855806962253531
test_id9678,10.856963503348943
test_id9679,11.471869766312317
test_id9680,7.929241874694256
test_id9681,10.850213711187202
test_id9682,12.600438031998813
test_id9683,12.156032413156673
test_id9684,11.32989190043147
test_id9685,11.218180967462864
test_id9686,10.74354848195781
test_id9687,12.701564384504316
test_id9688,13.286963353794526
test_id9689,10.282721681761572
test_id9690,11.32465386337821
test_id9691,10.468663666909556
test_id9692,12.817005237533557
test_id9693,11.670587941164435
test_id9694,11.409654673231906
test_id9695,11.549384645931546
test_id9696,12.318798847277712
test_id9697,12.773675056453676
test_id9698,12.488356185363877
test_id9699,11.397524185483313
test_id9700,12.329763490961405
test_id9701,10.79445753097751
test_id9702,12.954355762281466
test_id9703,11.471681783087774
test_id9704,13.418185530621422
test_id9705,13.311140343695037
test_id9706,13.420238474187052
test_id9707,13.373005630326738
test_id9708,11.340405896606569
test_id9709,12.606913265084053
test_id9710,12.597431886215126
test_id9711,11.163495796160426
test_id9712,12.03661365415973
test_id9713,13.385359316471664
test_id9714,9.203633903139284
test_id9715,11.790456317441759
test_id9716,9.336267880482758
test_id9717,11.001347303610913
test_id9718,13.43385244940545
test_id9719,13.022500586145767
test_id9720,13.169494551335042
test_id9721,12.857666241547442
test_id9722,12.412410496511903
test_id9723,13.709571376149093
test_id9724,10.290249430479044
test_id9725,11.206420611105962
test_id9726,10.11925708045105
test_id9727,11.337247283919346
test_id9728,9.055638061044299
test_id9729,13.198439291945796
test_id9730,10.814938826924525
test_id9731,11.416570882931431
test_id9732,12.385910488264145
test_id9733,12.984677367801844
test_id9734,11.407233228598905
test_id9735,11.746042711796342
test_id9736,11.405584794422474
test_id9737,11.127773600692116
test_id9738,11.534181705652436
test_id9739,10.900662027024026
test_id9740,11.38396487206952
test_id9741,12.409773268511266
test_id9742,12.326159725143278
test_id9743,12.656169087812692
test_id9744,11.486405468781548
test_id9745,12.84749259500932
test_id9746,11.793030955311941
test_id9747,13.50823937177504
test_id9748,8.700277733622123
test_id9749,12.642947066981222
test_id9750,13.739051316579008
test_id9751,11.798358673457344
test_id9752,8.184480315494099
test_id9753,12.242272059975896
test_id9754,13.659797510046324
test_id9755,10.883217560737897
test_id9756,11.195044258021433
test_id9757,12.824780435274128
test_id9758,13.335796246703701
test_id9759,11.15023313656085
test_id9760,11.366215571295307
test_id9761,9.418901953637523
test_id9762,11.372629834012436
test_id9763,12.608801080161733
test_id9764,10.378206645445758
test_id9765,11.586427714928654
test_id9766,12.534130501793733
test_id9767,10.796134130687271
test_id9768,12.861225160218495
test_id9769,12.176139028026284
test_id9770,11.640089258848995
test_id9771,12.436332961614987
test_id9772,10.796848244326121
test_id9773,10.923497829605928
test_id9774,10.984974840928551
test_id9775,8.625639422720745
test_id9776,11.051595025523163
test_id9777,10.831372672251526
test_id9778,11.026066095930553
test_id9779,13.456746934134067
test_id9780,13.046399189175013
test_id9781,12.200018546435707
test_id9782,11.139419735685955
test_id9783,9.481563289638558
test_id9784,10.207447966398128
test_id9785,11.756782558663936
test_id9786,15.089411911884142
test_id9787,14.428319022665129
test_id9788,13.407552960502251
test_id9789,13.093546357384469
test_id9790,12.789809524649797
test_id9791,11.64480070776792
test_id9792,12.515117409760286
test_id9793,12.320715845799903
test_id9794,10.294903974834348
test_id9795,11.710806167422227
test_id9796,12.697213571983575
test_id9797,10.973161655547322
test_id9798,11.715426155015088
test_id9799,12.741281698498376
test_id9800,11.554334185994016
test_id9801,11.313710399687103
test_id9802,12.930825761653097
test_id9803,12.396458045159456
test_id9804,11.86341138987229
test_id9805,12.469327393654503
test_id9806,12.370665005935855
test_id9807,12.748006798634208
test_id9808,11.396206831628525
test_id9809,12.310734541389614
test_id9810,8.738708414599913
test_id9811,12.949895690898082
test_id9812,10.75538075729252
test_id9813,12.721280008506234
test_id9814,11.077512286583392
test_id9815,11.308791679435984
test_id9816,13.713878343034388
test_id9817,12.318324093065108
test_id9818,10.484368399202673
test_id9819,12.516757923381014
test_id9820,12.559228504834799
test_id9821,13.042371339626364
test_id9822,12.49513007098323
test_id9823,13.011284745838388
test_id9824,12.186288374192209
test_id9825,12.037292895031662
test_id9826,12.280320259411646
test_id9827,10.640551181678845
test_id9828,10.998365720421255
test_id9829,13.638014092799303
test_id9830,11.721327243541282
test_id9831,10.532065439552802
test_id9832,13.208686726685833
test_id9833,11.030720921987417
test_id9834,12.044493690088736
test_id9835,13.733040023634835
test_id9836,12.40221372112277
test_id9837,11.795951677426885
test_id9838,13.012741634030633
test_id9839,11.040309224461225
test_id9840,11.143335927199836
test_id9841,11.703644556069015
test_id9842,12.453091510137725
test_id9843,12.749214316841552
test_id9844,12.612915790477196
test_id9845,11.052304949920845
test_id9846,10.474276015996487
test_id9847,9.721059422139831
test_id9848,11.64080013486413
test_id9849,12.517380623930201
test_id9850,11.119573487480288
test_id9851,8.906139165981308
test_id9852,11.841390980565883
test_id9853,10.399128206275655
test_id9854,12.725879860515121
test_id9855,10.343475814530144
test_id9856,12.831978079924333
test_id9857,5.947594965701576
test_id9858,10.82703864650184
test_id9859,9.633884080288091
test_id9860,12.2160356556847
test_id9861,12.859261742435827
test_id9862,11.520737394869933
test_id9863,11.839966095900913
test_id9864,11.006369646385558
test_id9865,10.867560501624276
test_id9866,10.663921310621014
test_id9867,12.519339318548546
test_id9868,13.535531710922733
test_id9869,11.309346686354068
test_id9870,13.028282788464587
test_id9871,11.256305999461887
test_id9872,10.844243583639802
test_id9873,12.62838802274701
test_id9874,13.467014577824088
test_id9875,12.66339484556709
test_id9876,11.377507093037671
test_id9877,11.743665937427046
test_id9878,10.19719759193383
test_id9879,11.688977882103678
test_id9880,11.618846504706305
test_id9881,11.290157713828613
test_id9882,9.72431003147883
test_id9883,11.400828801261788
test_id9884,10.508891279901079
test_id9885,11.511379710879261
test_id9886,11.044605149345813
test_id9887,9.906086492141966
test_id9888,13.268330761342746
test_id9889,12.467004490496599
test_id9890,12.93683606562022
test_id9891,13.001714163043992
test_id9892,10.05801209896076
test_id9893,10.693705040003259
test_id9894,11.553500241838641
test_id9895,10.528882340357605
test_id9896,13.478237748038332
test_id9897,11.01542315752446
test_id9898,10.927753617143061
test_id9899,10.800758671845422
test_id9900,12.829723741911586
test_id9901,11.462146414394816
test_id9902,13.062313245739567
test_id9903,11.090021811323588
test_id9904,12.673888522254522
test_id9905,10.927819508967723
test_id9906,13.58065908859188
test_id9907,12.945928441578538
test_id9908,10.234255896324463
test_id9909,10.9058941921408
test_id9910,13.18190772226739
test_id9911,12.942576107121376
test_id9912,10.97522374895501
test_id9913,10.881332910137957
test_id9914,5.934319442767482
test_id9915,10.798178725384922
test_id9916,9.639118543816963
test_id9917,11.413463428331795
test_id9918,12.876232071544585
test_id9919,11.255543509270375
test_id9920,14.092762812307448
test_id9921,12.945742478935962
test_id9922,14.055535758028768
test_id9923,11.26645626864623
test_id9924,12.797920873597228
test_id9925,12.71099545454181
test_id9926,12.060066585205576
test_id9927,13.640090307767885
test_id9928,12.729863469393372
test_id9929,12.830342423796829
test_id9930,12.544259419028414
test_id9931,12.45332049383618
test_id9932,11.294996133120243
test_id9933,12.359543759072416
test_id9934,12.383370169907657
test_id9935,11.721653576832907
test_id9936,10.934798117117886
test_id9937,11.67880470127772
test_id9938,10.787252598807562
test_id9939,11.529921988564645
test_id9940,12.269411429032168
test_id9941,13.084629492805412
test_id9942,10.771060174360109
test_id9943,12.74090758040311
test_id9944,12.865946523533573
test_id9945,10.854053003392359
test_id9946,12.231969269749406
test_id9947,13.216898441696337
test_id9948,11.810746993679025
test_id9949,11.681218440552769
test_id9950,13.09282567296399
test_id9951,12.368395331863802
test_id9952,12.827021240331952
test_id9953,13.226084079426776
test_id9954,10.767866186988627
test_id9955,12.146146479632385
test_id9956,13.080350496591315
test_id9957,11.806962882126733
test_id9958,12.201080303424071
test_id9959,12.727097102008955
test_id9960,13.232476339848382
test_id9961,11.653036587996155
test_id9962,11.886314172226875
test_id9963,11.655332807149541
test_id9964,9.024809801874717
test_id9965,11.259665396811641
test_id9966,12.423022684689052
test_id9967,12.828327920594297
test_id9968,11.74270791034646
test_id9969,11.09138018948456
test_id9970,9.760413629977414
test_id9971,12.72382094675934
test_id9972,10.985962427095323
test_id9973,10.114209375950466
test_id9974,10.432673271929765
test_id9975,13.346618214754493
test_id9976,10.157255695315634
test_id9977,12.285104921133332
test_id9978,13.066120692453687
test_id9979,10.224411723006874
test_id9980,12.708156366333618
test_id9981,11.703366634365146
test_id9982,11.002707738306277
test_id9983,11.334355771585187
test_id9984,10.522997943996153
test_id9985,12.279676967235943
test_id9986,10.120008687280617
test_id9987,11.709119321053073
test_id9988,11.051251706914066
test_id9989,9.430269657392877
test_id9990,13.476661096976365
test_id9991,12.347009503564344
test_id9992,12.450972349911801
test_id9993,9.973366505206592
test_id9994,11.473092368168281
test_id9995,15.35246854277704
test_id9996,11.561359524231897
test_id9997,12.018090206349008
test_id9998,8.978134160587494
test_id9999,8.035195364985846
test_id10000,11.508964084360379
test_id10001,11.510044569251306
test_id10002,15.328422690011593
test_id10003,12.681146047820441
test_id10004,12.278304752719457
test_id10005,12.910736747208453
test_id10006,12.437130644258403
test_id10007,11.674831950515419
test_id10008,11.864730572846845
test_id10009,9.048073831395136
test_id10010,12.341841000520915
test_id10011,11.664694209640594
test_id10012,10.581908151928523
test_id10013,10.7612473132667
test_id10014,11.119467124682352
test_id10015,10.145214758531573
test_id10016,11.01332737261702
test_id10017,13.299323904855896
test_id10018,13.374512446613814
test_id10019,10.330435684404868
test_id10020,12.479122220040786
test_id10021,12.263575022459001
test_id10022,9.472614481425474
test_id10023,11.440424069524276
test_id10024,11.777252422771383
test_id10025,11.746407730271649
test_id10026,10.989893292136877
test_id10027,9.911543233226048
test_id10028,10.56784728695147
test_id10029,11.473835554048627
test_id10030,12.907418368319632
test_id10031,12.685765286285879
test_id10032,12.784878514662985
test_id10033,10.633165604031497
test_id10034,10.46366962417001
test_id10035,10.693532736818817
test_id10036,13.40581002576382
test_id10037,12.310730410678282
test_id10038,11.657685247330342
test_id10039,10.375573079275902
test_id10040,10.227749921821477
test_id10041,12.614175617740877
test_id10042,11.481413418903635
test_id10043,13.31298206292471
test_id10044,11.416356033519357
test_id10045,12.85534796828069
test_id10046,12.874568070464086
test_id10047,10.79603637782241
test_id10048,11.780209348681986
test_id10049,12.758327753554504
test_id10050,12.537497127384817
test_id10051,12.410964347445464
test_id10052,13.3929376389625
test_id10053,12.59738008488113
test_id10054,11.17412935384153
test_id10055,11.227766268424098
test_id10056,10.928338848910407
test_id10057,10.26298349843723
test_id10058,12.920841703537896
test_id10059,11.682045626031268
test_id10060,12.652084720732226
test_id10061,11.026260202728103
test_id10062,11.927938064512915
test_id10063,10.886564672674176
test_id10064,12.304260312423914
test_id10065,11.569506182847029
test_id10066,10.705108749184468
test_id10067,12.454751277997424
test_id10068,12.300034692385928
test_id10069,11.330228357135788
test_id10070,10.24689043599097
test_id10071,12.03046099888082
test_id10072,10.394555578729232
test_id10073,12.24357037256322
test_id10074,13.756623474450187
test_id10075,12.78218708722708
test_id10076,11.417159472298323
test_id10077,11.321165326521431
test_id10078,11.037128569711498
test_id10079,11.104224501098422
test_id10080,11.585389045768032
test_id10081,11.365567179576011
test_id10082,12.70621527650232
test_id10083,11.185671899224381
test_id10084,11.522893310869797
test_id10085,12.62390501349443
test_id10086,12.495928177961922
test_id10087,8.962076272855334
test_id10088,7.682445446251997
test_id10089,10.950109237758092
test_id10090,10.434606972871471
test_id10091,12.090750317963561
test_id10092,12.636428541819718
test_id10093,9.268155136809646
test_id10094,12.429738140255743
test_id10095,11.89842021013962
test_id10096,11.074181679031021
test_id10097,12.576036048435618
test_id10098,11.097670014061784
test_id10099,12.465512722421856
test_id10100,13.134950784175395
test_id10101,13.438323086508767
test_id10102,11.307829282018481
test_id10103,8.656065728933712
test_id10104,11.173464238647618
test_id10105,11.48093449396874
test_id10106,13.4222399797493
test_id10107,12.309992107406664
test_id10108,12.68773257277936
test_id10109,11.728908638974865
test_id10110,14.144479010594715
test_id10111,12.66090603952906
test_id10112,12.980032832396965
test_id10113,11.513249704304748
test_id10114,11.476387958351808
test_id10115,11.45696274413104
test_id10116,12.478160144840736
test_id10117,11.314993252074807
test_id10118,12.478697267515855
test_id10119,11.6663085944053
test_id10120,11.688887848961166
test_id10121,13.390390383105526
test_id10122,12.599261810071077
test_id10123,12.156961236845227
test_id10124,11.234533951354926
test_id10125,10.850432424428362
test_id10126,11.37070355774857
test_id10127,11.622786228220015
test_id10128,13.147431137054276
test_id10129,11.448312342111002
test_id10130,13.2213582497359
test_id10131,12.525579603935718
test_id10132,11.446636509679166
test_id10133,12.157803283923428
test_id10134,-272.7026578565377
test_id10135,15.107479986967242
test_id10136,13.74254752091791
test_id10137,13.282246279369588
test_id10138,12.765813638382319
test_id10139,12.300350055487748
test_id10140,12.392166759930753
test_id10141,10.87994304284451
test_id10142,11.313542098018083
test_id10143,10.903866373119548
test_id10144,11.33048033928197
test_id10145,12.211343871385616
test_id10146,11.72302358605672
test_id10147,10.97713349331098
test_id10148,11.274832543573815
test_id10149,11.530865173549408
test_id10150,12.941376029970641
test_id10151,11.958514949185748
test_id10152,11.195537437117977
test_id10153,12.429592304512404
test_id10154,9.126500342147558
test_id10155,12.636028307670685
test_id10156,11.682490283096392
test_id10157,9.080428502387477
test_id10158,12.442611756463464
test_id10159,10.610076987050078
test_id10160,12.175609047807598
test_id10161,11.01510375696376
test_id10162,10.231307905778479
test_id10163,10.532477637087375
test_id10164,11.13725893230744
test_id10165,10.919699835246753
test_id10166,12.615233130924949
test_id10167,12.611648457734454
test_id10168,9.39054775360129
test_id10169,12.48583352412566
test_id10170,12.295936353499975
test_id10171,12.95881334652892
test_id10172,10.317356479116192
test_id10173,10.925269694277354
test_id10174,14.518465368642175
test_id10175,13.62237981004403
test_id10176,11.551780463721336
test_id10177,11.80337854987178
test_id10178,12.082427476235658
test_id10179,12.348369135288728
test_id10180,11.745057398389129
test_id10181,13.290561448449559
test_id10182,13.14749827902616
test_id10183,11.679012667425845
test_id10184,13.309993417977246
test_id10185,15.010387150838959
test_id10186,11.575652208406552
test_id10187,11.349146650331903
test_id10188,9.440124582255166
test_id10189,12.583068041171266
test_id10190,12.633340754583664
test_id10191,12.983314197071927
test_id10192,12.796270269189499
test_id10193,13.465306540199855
test_id10194,9.284224552384863
test_id10195,12.66107298535858
test_id10196,8.618256461265595
test_id10197,12.630695322683017
test_id10198,11.175101691449179
test_id10199,11.920092099678278
test_id10200,10.98966679555761
test_id10201,8.583746887550966
test_id10202,13.809922273402144
test_id10203,14.406956905531182
test_id10204,12.450813538593316
test_id10205,10.735371386948039
test_id10206,13.59619957454192
test_id10207,13.025301228661057
test_id10208,11.052814616591839
test_id10209,9.906935596713204
test_id10210,13.22671867350028
test_id10211,6.551351684540883
test_id10212,10.366640742111564
test_id10213,10.966756379788386
test_id10214,11.154779091359117
test_id10215,13.257280397690757
test_id10216,10.69813838281852
test_id10217,17.094856029196002
test_id10218,11.708204616514472
test_id10219,11.501296215896467
test_id10220,12.685151398816018
test_id10221,11.236872836215632
test_id10222,11.694014898771123
test_id10223,11.42048540693542
test_id10224,13.269648506325602
test_id10225,12.577399555311864
test_id10226,11.445007020033238
test_id10227,12.94128400886376
test_id10228,11.262250528831778
test_id10229,11.20932754610488
test_id10230,11.72001093746092
test_id10231,10.93041937279827
test_id10232,10.941932436750712
test_id10233,10.260867243802167
test_id10234,11.51347178166916
test_id10235,11.087256325099318
test_id10236,13.525460126594133
test_id10237,14.453813474230572
test_id10238,6.865679185795592
test_id10239,5.123993751202093
test_id10240,7.300145728921372
test_id10241,10.949021835888196
test_id10242,12.68798182009698
test_id10243,10.009362056952767
test_id10244,10.610587647267565
test_id10245,7.836796320826217
test_id10246,12.969805774097885
test_id10247,11.618517630411112
test_id10248,10.931675543643571
test_id10249,11.80275119470003
test_id10250,12.682463249424167
test_id10251,10.781593672060431
test_id10252,10.7158187845436
test_id10253,12.664862188917937
test_id10254,12.969342057339453
test_id10255,11.137110700365646
test_id10256,12.399792941608133
test_id10257,10.579587049224088
test_id10258,14.989563676580737
test_id10259,11.391934492601528
test_id10260,10.777015870428194
test_id10261,13.00012784042216
test_id10262,8.759062913432992
test_id10263,8.223464582303556
test_id10264,11.027295016646015
test_id10265,12.787681794379587
test_id10266,11.050110467053948
test_id10267,12.798518844593026
test_id10268,10.265354872472024
test_id10269,12.906247467501743
test_id10270,12.04664377572714
test_id10271,11.005639204932727
test_id10272,9.120904131682359
test_id10273,11.004489144467321
test_id10274,12.300068780672312
test_id10275,13.352664922536853
test_id10276,10.736240469676133
test_id10277,11.9999093791372
test_id10278,11.024659276847771
test_id10279,12.725460265523864
test_id10280,13.004838857990421
test_id10281,12.809378281948476
test_id10282,12.867756240513977
test_id10283,12.009965234367947
test_id10284,12.619991256246756
test_id10285,14.065919179507212
test_id10286,11.838019291691616
test_id10287,11.260474826257969
test_id10288,12.847744976287395
test_id10289,7.438247374712539
test_id10290,10.893286109176152
test_id10291,10.715592122247386
test_id10292,10.62597184694183
test_id10293,12.288919109458313
test_id10294,12.811857036145213
test_id10295,11.591693546768177
test_id10296,10.956047107821583
test_id10297,12.75131546865537
test_id10298,14.781354375668961
test_id10299,11.805450753000777
test_id10300,11.475852060428373
test_id10301,13.761077161248558
test_id10302,11.03399426291167
test_id10303,12.697216577331325
test_id10304,12.636408970995156
test_id10305,12.71164838703374
test_id10306,11.666762241914704
test_id10307,3.9725318829558205
test_id10308,12.83614003161744
test_id10309,11.336031808042243
test_id10310,12.230378163283675
test_id10311,12.650321638961685
test_id10312,10.979432224014467
test_id10313,12.2085171644732
test_id10314,11.699860238913395
test_id10315,9.259082788222017
test_id10316,11.579147894740188
test_id10317,13.524503064023357
test_id10318,12.653493558205803
test_id10319,13.063369190819095
test_id10320,11.317041119881573
test_id10321,12.910677239481437
test_id10322,11.22757031913249
test_id10323,11.226423407889648
test_id10324,13.434391828703973
test_id10325,11.291587232246435
test_id10326,11.094690390988752
test_id10327,10.893179621751251
test_id10328,10.982258398750865
test_id10329,12.9147672977465
test_id10330,7.688761769412004
test_id10331,11.678674741842137
test_id10332,12.440209267994781
test_id10333,13.363745654350062
test_id10334,11.467726731696104
test_id10335,13.690850015151618
test_id10336,11.515391123516302
test_id10337,13.042486510281456
test_id10338,13.352025822965906
test_id10339,12.694749161098734
test_id10340,12.305417872781142
test_id10341,9.06771743077806
test_id10342,12.64567010164533
test_id10343,12.276208819920363
test_id10344,12.730942409627765
test_id10345,10.656154843320124
test_id10346,12.157512602812538
test_id10347,12.785157690401661
test_id10348,11.640484385093366
test_id10349,12.731600782212915
test_id10350,11.86926765147087
test_id10351,10.055002627589936
test_id10352,11.278448502785537
test_id10353,10.867404916279135
test_id10354,10.597831327725011
test_id10355,12.871502401551162
test_id10356,13.670541072078613
test_id10357,11.237846978536346
test_id10358,12.216908668409083
test_id10359,11.056096638829466
test_id10360,10.813218787063576
test_id10361,10.956666562320763
test_id10362,12.852893555884513
test_id10363,11.795477536072788
test_id10364,8.90687670736866
test_id10365,11.520238755614862
test_id10366,13.675101470452965
test_id10367,11.514987992043906
test_id10368,12.859183107513303
test_id10369,13.547903907483125
test_id10370,11.395859539631054
test_id10371,12.296037930421697
test_id10372,11.360579227378402
test_id10373,12.472947191665845
test_id10374,10.488764102822351
test_id10375,12.908390659450163
test_id10376,11.165949224825077
test_id10377,12.60805154295489
test_id10378,10.641319971329274
test_id10379,13.682361290838536
test_id10380,11.384996005733477
test_id10381,11.781465280534754
test_id10382,11.192918977276165
test_id10383,10.334338319959159
test_id10384,12.94927760788508
test_id10385,14.57944032490358
test_id10386,10.554082628871363
test_id10387,12.53747816959433
test_id10388,10.85904384126652
test_id10389,11.104161896188579
test_id10390,11.006580821542542
test_id10391,12.72312055372796
test_id10392,10.354298733370157
test_id10393,11.786902763363067
test_id10394,11.532925360155168
test_id10395,11.195849478401449
test_id10396,12.879057943283875
test_id10397,12.115734469881623
test_id10398,11.09451997819965
test_id10399,10.757689262328576
test_id10400,13.307972327427343
test_id10401,13.514948811220577
test_id10402,10.878214993525226
test_id10403,12.319226886794219
test_id10404,11.387637252239493
test_id10405,9.93632721218112
test_id10406,13.697617657283082
test_id10407,12.33743059305916
test_id10408,12.661174659043759
test_id10409,11.30111727006662
test_id10410,11.74912464810442
test_id10411,9.76852616119158
test_id10412,11.394861596218384
test_id10413,12.529067142652629
test_id10414,10.943255703748761
test_id10415,12.925953515884054
test_id10416,9.983408620940104
test_id10417,11.00374145294716
test_id10418,13.266340042427423
test_id10419,10.898866605455517
test_id10420,12.836146067693797
test_id10421,12.723169197538091
test_id10422,12.705602180889663
test_id10423,8.876832014265709
test_id10424,12.624427927354652
test_id10425,12.939887462333836
test_id10426,10.349473805568572
test_id10427,11.35914630277395
test_id10428,12.849640645624383
test_id10429,12.64067653144216
test_id10430,10.704010884558741
test_id10431,10.883917656692653
test_id10432,10.93428803283738
test_id10433,11.105512695901503
test_id10434,13.015499045663695
test_id10435,12.785680989601268
test_id10436,10.902331313404439
test_id10437,13.714605884236747
test_id10438,11.195499751536296
test_id10439,12.47886774669454
test_id10440,11.425130480532736
test_id10441,11.726611562195181
test_id10442,13.391279614662196
test_id10443,12.729968096705427
test_id10444,11.953717875233394
test_id10445,12.948925193779793
test_id10446,11.657017959596779
test_id10447,11.683246153736611
test_id10448,12.35351245553344
test_id10449,12.76589649513651
test_id10450,10.495026490868959
test_id10451,12.727012755022123
test_id10452,10.65007148088442
test_id10453,11.477368692220132
test_id10454,11.616063231561817
test_id10455,6.906776141556321
test_id10456,9.206411394505501
test_id10457,12.786347617973355
test_id10458,12.140964114954308
test_id10459,11.771434485377746
test_id10460,12.88407807488742
test_id10461,12.985771495638126
test_id10462,13.590222386806495
test_id10463,12.418576820663198
test_id10464,13.25831119513716
test_id10465,12.628725222043563
test_id10466,11.42485012200823
test_id10467,10.588378829552589
test_id10468,11.450304112136827
test_id10469,12.591651055775039
test_id10470,13.253397038918003
test_id10471,11.240546780912176
test_id10472,13.297119443666155
test_id10473,10.645812558327428
test_id10474,12.406367522444448
test_id10475,10.19777431646861
test_id10476,12.181989174891662
test_id10477,12.756291554835336
test_id10478,10.752294990846487
test_id10479,11.423449542798586
test_id10480,11.229186157516416
test_id10481,12.690517999439457
test_id10482,13.235723552930885
test_id10483,11.358576441446381
test_id10484,9.875015785243114
test_id10485,13.38640108126274
test_id10486,11.142029584682284
test_id10487,11.544744359281545
test_id10488,10.786768905830705
test_id10489,12.466947889370978
test_id10490,12.651784894264729
test_id10491,10.203669454376012
test_id10492,12.616905150942635
test_id10493,11.53452514678829
test_id10494,10.148071559118456
test_id10495,12.581498941995058
test_id10496,11.776227230953076
test_id10497,11.123254855267
test_id10498,13.355394941016279
test_id10499,12.553525183061616
test_id10500,13.488044332198278
test_id10501,8.069317236489056
test_id10502,11.184666448992964
test_id10503,11.22333857322338
test_id10504,12.446670484103727
test_id10505,13.693051310266021
test_id10506,11.168744015733196
test_id10507,4.105291614380512
test_id10508,11.784842846210928
test_id10509,12.871656748212729
test_id10510,11.080002421494648
test_id10511,10.632415831330654
test_id10512,12.538991812143372
test_id10513,12.55642102337547
test_id10514,13.659230607139186
test_id10515,8.957727186661408
test_id10516,10.962841105272155
test_id10517,11.280696818976118
test_id10518,10.391008644967933
test_id10519,12.210243438440592
test_id10520,11.511097893237931
test_id10521,13.071774268192947
test_id10522,10.874829023314867
test_id10523,11.413615412351696
test_id10524,12.511161001898962
test_id10525,10.943125130041416
test_id10526,12.805455185008135
test_id10527,11.61617605187191
test_id10528,11.448264132766248
test_id10529,11.233216440795125
test_id10530,12.844078946676738
test_id10531,12.354071378247504
test_id10532,13.577030447076233
test_id10533,12.636361856829772
test_id10534,12.673600922320254
test_id10535,10.968512259518661
test_id10536,12.761602049589406
test_id10537,12.775069292328972
test_id10538,13.292659729171227
test_id10539,10.866820468708035
test_id10540,12.555861722474113
test_id10541,11.045113085850268
test_id10542,10.721036823477142
test_id10543,12.176114308161594
test_id10544,12.48292318774402
test_id10545,10.346042620912122
test_id10546,11.494424730952773
test_id10547,9.17305790313413
test_id10548,12.649268822750038
test_id10549,9.112204047818771
test_id10550,14.391269690943659
test_id10551,10.85086803124883
test_id10552,16.3386696268039
test_id10553,10.1449564968948
test_id10554,11.431003283246852
test_id10555,13.723821069117875
test_id10556,12.690209378052579
test_id10557,12.857248847822397
test_id10558,11.977059376951821
test_id10559,11.66649740047204
test_id10560,12.113566098821217
test_id10561,12.431559254034404
test_id10562,11.683965766123698
test_id10563,13.315969503526468
test_id10564,11.25270379462011
test_id10565,16.61337049110292
test_id10566,12.425853011763728
test_id10567,11.524303029512403
test_id10568,11.482312990131582
test_id10569,11.00025165790273
test_id10570,12.689442288241004
test_id10571,11.096580497013939
test_id10572,10.575254841482256
test_id10573,13.224418738009852
test_id10574,11.020925460725245
test_id10575,13.527106732354135
test_id10576,10.144962920447021
test_id10577,10.62931486176172
test_id10578,11.127623086161918
test_id10579,13.02694761502763
test_id10580,10.375202991962674
test_id10581,11.740429823400355
test_id10582,12.299568058107063
test_id10583,10.697055145256677
test_id10584,12.620869433593995
test_id10585,11.833907437528929
test_id10586,12.292882586365344
test_id10587,12.775629566876454
test_id10588,13.116206161584607
test_id10589,12.950349045529656
test_id10590,9.489230976849022
test_id10591,12.617204260207707
test_id10592,11.396808630335975
test_id10593,10.889906606398988
test_id10594,10.505987862298078
test_id10595,11.027784075132743
test_id10596,12.648805132419476
test_id10597,10.635497534201171
test_id10598,13.641037549148358
test_id10599,10.891664401822347
test_id10600,12.518664626709175
test_id10601,13.310326538132905
test_id10602,11.06084074507826
test_id10603,10.971328093977199
test_id10604,12.492396201772998
test_id10605,12.38745491624762
test_id10606,10.804183584336116
test_id10607,12.576380809340371
test_id10608,11.371535440671074
test_id10609,12.110826149552956
test_id10610,12.221100091673677
test_id10611,14.591542828180671
test_id10612,11.720850551979119
test_id10613,11.260402379834396
test_id10614,10.751102126846206
test_id10615,12.553637814709028
test_id10616,10.294061722750072
test_id10617,13.351611869487279
test_id10618,11.013266265325278
test_id10619,12.746423947332957
test_id10620,10.908895894542127
test_id10621,10.682498032360549
test_id10622,10.44166432977719
test_id10623,11.811547080165447
test_id10624,11.781224820185493
test_id10625,9.873862196402001
test_id10626,12.494495041708284
test_id10627,12.739303355402335
test_id10628,13.641825045514445
test_id10629,13.620239251851977
test_id10630,10.950849322954788
test_id10631,9.173476755114848
test_id10632,10.221399193942098
test_id10633,11.829587323190097
test_id10634,12.60364455723171
test_id10635,11.803761996563559
test_id10636,9.800536922488043
test_id10637,13.110975567489128
test_id10638,12.858442995290012
test_id10639,12.496187850250429
test_id10640,13.031178732271208
test_id10641,8.307099643749432
test_id10642,12.918397707141935
test_id10643,12.821592927860074
test_id10644,12.755958227194846
test_id10645,12.499827680997704
test_id10646,9.052783229329208
test_id10647,-0.49910599745475537
test_id10648,12.978934249977279
test_id10649,-0.5271179821240608
test_id10650,12.67836643951842
test_id10651,11.119379545714551
test_id10652,12.056534357892765
test_id10653,12.286964998921604
test_id10654,11.420247063225808
test_id10655,12.954269246491599
test_id10656,10.035481352240147
test_id10657,11.037224146353154
test_id10658,10.970878334043931
test_id10659,13.700038664397354
test_id10660,10.792726095717605
test_id10661,11.27411748456759
test_id10662,12.182528157130712
test_id10663,10.642357173826184
test_id10664,13.258127905251236
test_id10665,10.861501983173511
test_id10666,12.702307791159406
test_id10667,11.536319570909875
test_id10668,11.686477072027323
test_id10669,12.726390127342363
test_id10670,11.312947984753343
test_id10671,11.387213949681673
test_id10672,12.79163576792876
test_id10673,12.608245218357638
test_id10674,12.228770213488083
test_id10675,12.463529957971595
test_id10676,13.458830185074397
test_id10677,4.0889239639803705
test_id10678,10.540239937643904
test_id10679,11.442336359253211
test_id10680,13.257163342503112
test_id10681,7.000590945069234
test_id10682,11.489887058305776
test_id10683,12.256929402702333
test_id10684,13.145091170528993
test_id10685,12.81238928438841
test_id10686,11.706175564092767
test_id10687,12.265165373956343
test_id10688,10.750600175680297
test_id10689,11.293990661817851
test_id10690,12.158888945547737
test_id10691,11.25710385428274
test_id10692,12.689581412465337
test_id10693,12.652230871167966
test_id10694,12.581449968736443
test_id10695,11.639384425135624
test_id10696,11.31365927078469
test_id10697,12.57849243343496
test_id10698,11.817936369656358
test_id10699,12.917411821309024
test_id10700,10.33769368733926
test_id10701,7.264877337951923
test_id10702,10.729991108182567
test_id10703,12.599890056637932
test_id10704,9.631378248421512
test_id10705,13.17601265545219
test_id10706,12.533222960966746
test_id10707,10.237592047909224
test_id10708,10.882615008865777
test_id10709,12.018707863814306
test_id10710,10.990033406653232
test_id10711,10.78380213879894
test_id10712,13.026554919718642
test_id10713,12.644375474519741
test_id10714,12.516020879045946
test_id10715,11.432316550468343
test_id10716,10.957093253257177
test_id10717,10.940758129394005
test_id10718,-2122.4386372987974
test_id10719,12.98697779167194
test_id10720,11.243760165173093
test_id10721,11.811495043026468
test_id10722,11.320009148995872
test_id10723,12.496742515728592
test_id10724,11.677160305508771
test_id10725,12.466698458628578
test_id10726,12.761937667036541
test_id10727,11.092290235251568
test_id10728,10.79386604395723
test_id10729,12.92135291113231
test_id10730,12.245946775138087
test_id10731,11.362555966916737
test_id10732,12.167083026869726
test_id10733,12.505386969417508
test_id10734,10.523921941432988
test_id10735,11.424759453105352
test_id10736,11.357519156984957
test_id10737,12.655625756238521
